0.00225014
0.00244431
0.00262343
0.00238487
0.00247287
0.00248921
0.00157132
0.00004079
0.00256221
-0.00090420
0.00241319
0.00252832
0.00257838
0.00259206
0.00254906
-0.00005050
-0.00036580
0.00256943
0.00251272
0.00239154
0.00000000
0.00245435
-0.00066969
0.00253822
0.00244895
0.00260831
0.00000054
0.00102664
-0.00084567
0.00249727
0.00250077
0.00246309
0.00230929
-0.00001738
0.00255444
0.00259122
0.00261064
0.00254373
0.00038203
0.00238925
0.00228889
0.00256138
0.00247166
-0.00061625
0.00201819
0.00254405
0.00268107
0.00248686
0.00243374
0.00213126
-0.00099876
0.00185688
-0.00003530
0.00252031
-0.00065232
0.00186200
0.00244189
0.00232005
-0.00116295
0.00025436
0.00250991
-0.00001779
0.00144808
0.00133330
