-0.15932930
0.11031130
-0.07838612
0.04472825
0.04234889
-0.11300070
-0.16172722
0.07463946
0.17906168
-0.14289933
-0.07847814
0.22333559
0.12181369
0.11426577
-0.21135262
0.05285923
0.09161079
-0.21858865
0.19456145
-0.01703960
-0.05693249
0.13755900
0.01739883
0.16491584
-0.07285534
0.03072236
-0.07708089
-0.18507911
-0.14118515
0.02219070
-0.04518110
0.09504564
0.16933919
0.20505045
-0.12321043
-0.00641019
0.20939238
-0.02907106
-0.18736875
0.21575193
-0.06816417
-0.22286120
0.08979004
-0.05801586
-0.09226567
-0.10326090
-0.10465577
0.23491445
0.20315741
0.13149884
0.20619844
-0.02107681
0.23294778
-0.06504291
0.14141773
0.07259405
0.05912817
0.03422599
-0.10568073
0.01099523
0.10529537
0.05574863
-0.22620021
-0.07497602
-0.10509083
0.09943660
0.10658865
-0.00924559
0.15434362
0.22847612
-0.10557488
-0.20911159
0.16096364
0.11450619
0.20653090
0.01887532
-0.02594415
0.15914842
-0.04813438
0.15354428
0.14723705
0.05960650
-0.20023817
0.14382038
-0.00488545
0.22948503
-0.21090201
-0.09922172
0.13732027
-0.00609489
0.04753060
0.23188715
0.17898639
-0.19509657
-0.00500231
-0.21814655
-0.18641478
0.15461902
-0.06621295
-0.13532022
0.12798949
0.01668682
-0.14383821
0.16722883
0.02500693
-0.12646131
-0.18400553
-0.04479041
0.18519044
0.10191167
-0.15802127
-0.16789307
-0.03101787
0.11047923
-0.09391044
-0.02498848
-0.15432367
0.20083804
-0.04287932
-0.17471260
0.21363454
0.22796133
-0.01758916
-0.06525151
0.15737732
0.14080216
-0.21515912
0.14124601
-0.00965697
-0.02867130
0.13924144
-0.08668716
-0.16909157
0.13288149
-0.04126565
-0.11760677
0.03823372
0.06794165
0.16700348
-0.01364661
0.14000389
0.20258132
0.10004291
-0.02289659
-0.10450670
0.20834516
-0.06434042
0.17597277
0.21346328
-0.19194220
-0.00660493
0.11142325
0.11692614
0.22955379
0.05007949
0.09574122
0.00205733
0.00775783
-0.15246111
-0.20240687
0.11758102
0.02397816
-0.11610719
0.05978719
0.12247368
0.18714100
0.13065223
-0.16502181
0.14224784
-0.10439073
0.12070877
0.02947907
-0.12113143
0.22967146
0.06165837
0.13184851
0.17001706
0.05786690
0.09187662
0.23173618
-0.16123249
-0.11230645
-0.20505761
0.22955547
-0.08330119
-0.00866539
-0.22710823
0.09415568
-0.02227884
0.23491983
0.11604742
0.21009456
0.18524632
-0.06370820
-0.05507635
0.05170923
0.00625400
0.23155904
0.03860790
0.15656714
0.05642286
0.17373955
0.08299198
0.00800677
0.07040029
-0.07273402
-0.14532426
-0.02920423
-0.05647524
-0.03913968
0.22450383
-0.03859857
0.11558507
0.19069828
-0.18624544
-0.20101260
0.08385865
-0.19567245
0.14253102
0.15642034
-0.18829907
-0.20997716
0.08581675
-0.11358315
-0.16473624
0.12450995
-0.12213092
0.22521898
0.17181249
0.15293787
0.03696736
-0.11431369
0.20269392
0.16011861
-0.01988463
0.05890966
-0.13724174
-0.14808264
-0.18691356
-0.00741035
0.13130438
-0.00907322
-0.01805149
0.05019362
-0.06239595
-0.19856437
-0.11824279
0.19775708
-0.22598942
-0.06288416
-0.16340959
0.17487024
0.10391031
-0.13967074
0.13806400
-0.10303538
-0.09556513
0.19070272
-0.19790860
0.02916601
0.16936131
-0.18821019
0.19327493
-0.07454277
-0.03059838
-0.11471757
0.20442516
0.06779604
-0.18394330
-0.21098128
-0.16818255
0.19673038
-0.18276131
0.15547119
0.22750124
0.21161938
0.16477093
0.18363731
-0.11263436
0.02977262
0.14026690
-0.13090922
0.06373079
0.18229605
-0.03282693
0.08687536
-0.16747852
-0.06820434
