0.00186328
0.00187641
-0.00067976
0.00184109
0.00100691
0.00062758
-0.00065894
0.00182121
0.00174350
0.00128857
0.00183332
0.00184376
0.00155277
0.00167669
0.00204457
0.00187266
0.00172640
0.00170171
0.00183528
0.00199740
0.00145860
0.00181792
0.00068247
0.00182411
0.00153493
0.00177473
0.00194848
0.00163017
0.00183938
0.00174278
0.00182886
0.00178223
0.00191172
0.00198643
0.00185491
0.00205278
0.00192616
0.00112802
0.00179773
0.00006095
0.00137248
-0.00012062
0.00192656
0.00178388
0.00180007
0.00145420
0.00176843
0.00158901
-0.00007050
0.00072454
0.00182942
0.00179053
0.00172166
0.00000380
0.00162700
0.00188594
0.00179730
0.00208530
0.00184888
0.00149974
-0.00029465
0.00114449
-0.00000976
-0.00012853
0.00180384
0.00173948
0.00186262
-0.00013931
0.00179523
0.00002319
0.00156158
0.00177923
0.00068841
0.00174389
0.00168597
0.00183704
0.00180258
0.00106294
0.00032170
0.00182973
-0.00052107
0.00190167
0.00183343
0.00140473
0.00066709
0.00167883
-0.00004919
0.00176600
0.00181752
0.00196273
0.00177663
0.00184074
0.00184840
0.00180710
0.00000780
-0.00000721
0.00099396
0.00181082
0.00106241
0.00183932
0.00196090
0.00180946
0.00175741
-0.00002414
0.00142693
0.00165112
0.00126327
-0.00000388
0.00115258
0.00181777
0.00000891
0.00190480
0.00031575
0.00156699
0.00142736
0.00181445
0.00181241
0.00097792
0.00177933
0.00175937
0.00179318
0.00142970
-0.00035570
0.00179514
0.00178521
0.00188025
0.00162613
0.00172421
