0.00209725
0.00199414
0.00040804
0.00223987
0.00214737
0.00217322
0.00000000
0.00211440
0.00202563
0.00132270
-0.00023393
0.00207749
0.00210425
0.00149121
-0.00009110
0.00214585
0.00102206
0.00165957
-0.00011565
0.00007156
0.00173917
0.00051980
0.00213505
0.00200147
0.00201539
0.00211959
0.00197757
0.00207338
0.00180576
0.00207767
-0.00048163
0.00035888
0.00202067
0.00204167
0.00123399
0.00210266
0.00211414
0.00205025
0.00205065
0.00207951
-0.00004592
0.00215181
0.00207356
0.00170697
0.00205699
0.00189051
-0.00000081
0.00203695
0.00002916
0.00213028
0.00207627
0.00199105
0.00196064
0.00195556
0.00186861
0.00197960
0.00187945
0.00172367
0.00220252
0.00198901
-0.00021652
0.00224550
0.00196740
0.00000537
0.00176460
-0.00093596
0.00214717
0.00202395
0.00210199
0.00211887
0.00208728
0.00080874
-0.00073212
0.00210825
0.00209102
0.00183934
0.00156329
0.00187405
0.00178667
0.00209539
0.00202620
0.00083221
0.00197697
0.00204570
0.00203545
0.00213348
0.00210136
0.00174857
0.00207877
0.00208474
0.00112623
0.00210566
0.00215435
0.00168459
0.00158704
0.00119453
0.00213630
0.00116897
0.00221772
0.00206150
0.00188773
0.00207303
0.00196517
0.00120138
0.00191680
0.00144625
-0.00000868
0.00215313
0.00000000
0.00131121
-0.00000870
0.00207328
0.00090356
0.00213075
0.00157734
0.00216908
-0.00003340
0.00210681
0.00221280
0.00196927
0.00199055
0.00208158
0.00196081
0.00202462
0.00209697
0.00211159
0.00205168
0.00123180
