0.00280843
0.00291685
0.00003253
-0.00075032
0.00096361
0.00275591
-0.00040661
-0.00180792
-0.00145363
0.00286367
0.00273075
0.00241628
0.00048072
0.00273745
-0.00057435
0.00211733
0.00276979
0.00273184
0.00242614
0.00145609
0.00025142
0.00284221
0.00283494
0.00282351
0.00031872
0.00288712
0.00112836
0.00295074
0.00114562
0.00091053
0.00277935
-0.00073800
0.00279014
0.00265401
0.00281896
0.00278465
-0.00127740
0.00278802
0.00245181
0.00238242
0.00235921
0.00156008
0.00021143
0.00280969
-0.00007118
-0.00124426
0.00280427
0.00228299
0.00260773
0.00288054
0.00278526
0.00286781
0.00284893
0.00283987
0.00284500
0.00282941
0.00279865
0.00282859
0.00287596
0.00011897
0.00009505
0.00279561
0.00180867
0.00001970
