0.00234698
0.00233939
0.00239972
-0.00065970
0.00249586
0.00131312
0.00239044
0.00000165
0.00232039
-0.00004280
0.00211376
0.00240019
-0.00005910
-0.00001748
0.00241590
0.00173568
0.00238438
0.00230034
0.00234811
0.00226477
0.00138605
0.00231349
0.00231155
-0.00054583
0.00014023
0.00236098
0.00235508
0.00211376
0.00222077
0.00231923
0.00230769
-0.00005936
0.00228208
0.00233415
0.00233696
0.00224924
0.00197533
0.00034278
0.00228643
0.00128980
0.00209357
0.00221959
0.00202620
-0.00085750
-0.00023102
0.00021576
0.00039493
0.00215971
-0.00075568
0.00132334
0.00224361
0.00230307
0.00000650
0.00231978
-0.00007865
0.00184917
0.00235213
0.00195201
0.00250342
-0.00002879
0.00159838
0.00191237
0.00232089
0.00022909
0.00242685
0.00090160
0.00127638
0.00233809
0.00205693
0.00234492
0.00004319
-0.00063126
0.00242489
0.00227773
0.00174346
-0.00126724
0.00228290
0.00233877
0.00253164
-0.00073101
0.00051114
0.00237187
-0.00014442
0.00229510
0.00176967
0.00117186
-0.00000996
0.00237665
0.00227953
0.00233613
0.00188900
0.00161262
0.00196265
0.00214217
0.00132387
-0.00038012
0.00223730
0.00236121
0.00227413
-0.00000656
0.00233907
0.00232444
0.00217866
0.00240599
-0.00026062
0.00090216
-0.00094984
0.00230798
0.00236131
0.00236496
0.00248068
0.00238325
0.00167806
0.00235201
0.00218004
0.00215382
0.00206183
0.00217014
-0.00001855
-0.00007123
0.00233297
0.00235355
0.00221348
0.00240639
0.00202190
0.00152380
-0.00000243
0.00219509
