0.00269122
-0.00031995
-0.00043282
0.00268958
0.00251354
0.00265334
0.00264741
0.00228457
0.00261264
0.00228288
0.00080564
0.00267013
-0.00073391
0.00268039
0.00268191
0.00257340
0.00160097
0.00057875
0.00248744
0.00263288
0.00134651
0.00235836
-0.00100302
0.00266398
0.00203716
0.00085510
0.00273351
0.00004030
0.00274034
-0.00020427
-0.00001283
-0.00197047
0.00254768
0.00266063
-0.00026360
0.00269522
0.00263675
-0.00143269
0.00005502
0.00265642
-0.00036020
-0.00048439
0.00268990
0.00272173
-0.00147344
0.00264240
0.00279151
0.00033527
0.00273393
0.00250820
0.00268206
0.00274351
0.00276861
0.00040159
0.00261981
0.00276293
-0.00014895
0.00257453
-0.00165997
0.00274015
-0.00015742
0.00122381
0.00158443
0.00271583
