-0.00054911
0.00024031
0.00000729
0.00000000
0.00123295
0.00099600
0.00126094
0.00089756
0.00000000
-0.00005364
0.00000000
0.00103780
0.00000000
0.00000000
-0.00000417
0.00000000
-0.00142486
-0.00002735
0.00000000
-0.00000829
-0.00075182
-0.00000217
0.00106895
0.00110846
0.00118006
0.00128075
0.00124027
-0.00006051
-0.00036875
0.00118001
0.00128957
-0.00001475
0.00000000
0.00122162
0.00000719
-0.00121912
-0.00118050
-0.00000306
0.00000000
-0.00078970
0.00138046
-0.00000115
0.00000201
0.00128940
0.00099224
0.00000712
0.00006381
-0.00108732
0.00112890
0.00124244
0.00000000
0.00125123
-0.00124586
0.00000000
0.00000000
-0.00076294
0.00059912
-0.00019989
0.00101430
-0.00078997
0.00129913
0.00132245
-0.00008133
0.00000000
-0.00042241
0.00118035
0.00116967
-0.00000411
-0.00112411
0.00125469
-0.00004210
-0.00095143
0.00140833
-0.00014712
-0.00107960
-0.00003648
-0.00028447
-0.00046742
-0.00117081
0.00001839
0.00115666
-0.00067301
-0.00121748
0.00000000
0.00027404
0.00000000
-0.00041763
0.00138955
0.00118652
-0.00065033
-0.00047811
0.00114723
0.00124259
0.00112515
-0.00070915
-0.00000671
-0.00031431
-0.00000703
-0.00001093
-0.00000201
