0.00149900
0.00066571
0.00000000
0.00000000
0.00125045
-0.00017898
-0.00001332
-0.00000248
0.00150715
0.00139609
-0.00000462
0.00008054
0.00049827
0.00126401
0.00068539
0.00000000
0.00000000
0.00110825
-0.00002218
0.00097022
-0.00019845
-0.00004720
0.00075796
-0.00020630
0.00000000
0.00131133
-0.00008032
0.00065544
0.00136156
-0.00001673
0.00104679
-0.00005025
-0.00018021
0.00000698
0.00102567
0.00000000
-0.00010283
0.00000000
0.00053436
-0.00004721
-0.00016729
-0.00025403
-0.00002227
-0.00018594
0.00000000
-0.00011115
0.00129138
-0.00010847
0.00000000
0.00000000
0.00098998
0.00136620
-0.00001678
0.00050372
0.00001610
0.00131680
0.00139016
0.00146271
-0.00002244
0.00000000
0.00000000
0.00150118
0.00000000
0.00000005
0.00089077
0.00000000
-0.00008485
0.00002053
0.00133786
-0.00037729
0.00000000
0.00123772
0.00080664
-0.00020432
0.00000942
0.00113962
-0.00001645
0.00127185
0.00115140
-0.00005445
0.00118093
0.00099139
0.00021580
0.00114452
-0.00001813
0.00118631
-0.00005260
0.00000000
-0.00000750
0.00039605
-0.00001556
0.00000000
-0.00000157
0.00141794
-0.00019286
0.00000210
0.00137950
-0.00000504
0.00140436
0.00144382
