-0.08241954
-0.21277054
-0.13610569
0.15517199
-0.09381725
-0.20795777
-0.11102627
0.03821909
0.15653864
-0.15567091
0.09366527
-0.03528726
0.09236976
-0.15148163
-0.07567596
-0.12114484
0.10685224
-0.14448927
-0.05732441
-0.17666729
-0.16091254
0.06770745
-0.00071042
0.19836783
0.07711884
-0.22355875
0.22791433
0.20327245
-0.23365262
-0.03371347
-0.24285740
-0.20023632
-0.02886032
-0.18045047
-0.19332264
0.23607981
-0.00506362
-0.06240115
-0.08706477
-0.04940718
0.04411532
-0.06075269
-0.10716304
-0.20664336
-0.20119725
-0.05100802
0.10994922
-0.01487020
-0.00833592
0.12436678
-0.08059691
0.07355032
0.13206737
-0.12720753
-0.01294123
0.13430707
0.12417814
-0.10901845
0.19803350
0.14307670
0.05568159
-0.00688796
-0.14765866
0.04964681
0.20576593
-0.15042947
0.21103553
-0.03587133
-0.14523944
0.11202522
0.09080337
-0.13184299
-0.23766145
-0.22445959
0.11663079
0.15370715
0.14924030
0.17039916
0.07547981
0.24005853
0.18689129
-0.20321262
0.02107753
-0.10827594
0.08448641
0.20848611
-0.09135015
0.09027597
-0.12216015
-0.09387673
-0.12074105
0.05740489
-0.23805577
0.18058911
-0.03782151
-0.05448236
0.03463680
-0.08301796
0.05147061
0.13915643
