7637.282714843750000000000000000000
17939.515625000000000000000000000000
516.461547851562500000000000000000
10793.551757812500000000000000000000
16352.991210937500000000000000000000
9194.650390625000000000000000000000
40001.238281250000000000000000000000
1370.020019531250000000000000000000
19524.656250000000000000000000000000
0.000000000000000000000000000001
1151.613647460937500000000000000000
12897.591796875000000000000000000000
14071.197265625000000000000000000000
3003.513427734375000000000000000000
4793.481933593750000000000000000000
16888.755859375000000000000000000000
0.000000000174845554701263949937
4328.204589843750000000000000000000
9848.227539062500000000000000000000
6016.171386718750000000000000000000
7917.700683593750000000000000000000
4269.495117187500000000000000000000
11708.668945312500000000000000000000
17101.134765625000000000000000000000
9193.100585937500000000000000000000
0.000000000001125722236781923069
948.528564453125000000000000000000
818.025390625000000000000000000000
9114.671875000000000000000000000000
26965.380859375000000000000000000000
82.886260986328125000000000000000
1252.974975585937500000000000000000
8504.456054687500000000000000000000
0.000000000000064030168157609008
13920.124023437500000000000000000000
5071.536132812500000000000000000000
2838.084228515625000000000000000000
429.146881103515625000000000000000
7775.503417968750000000000000000000
1272.578247070312500000000000000000
22823.072265625000000000000000000000
5771.744140625000000000000000000000
0.000000000122974269656239698634
24568.255859375000000000000000000000
27033.273437500000000000000000000000
311.823883056640625000000000000000
0.000000000000036766210464566490
6122.885742187500000000000000000000
2872.460205078125000000000000000000
250.848800659179687500000000000000
9871.436523437500000000000000000000
14950.479492187500000000000000000000
1918.441528320312500000000000000000
5952.624023437500000000000000000000
931.704345703125000000000000000000
0.000000000000000000000000000001
1562.727050781250000000000000000000
17315.814453125000000000000000000000
11357.390625000000000000000000000000
0.000000000000000000000000175594
691.858032226562500000000000000000
4162.951171875000000000000000000000
15146.477539062500000000000000000000
13605.563476562500000000000000000000
0.000000000000000036070613508694
7320.809570312500000000000000000000
1308.001586914062500000000000000000
18404.402343750000000000000000000000
0.000003460741027083713561296463
2584.287597656250000000000000000000
1203.780883789062500000000000000000
904.833618164062500000000000000000
21795.121093750000000000000000000000
0.000000000000000000000000000001
207.599838256835937500000000000000
8262.647460937500000000000000000000
15907.129882812500000000000000000000
4930.999511718750000000000000000000
1042.689086914062500000000000000000
15809.388671875000000000000000000000
1656.507080078125000000000000000000
21762.013671875000000000000000000000
14507.641601562500000000000000000000
3614.131835937500000000000000000000
7750.580566406250000000000000000000
11974.521484375000000000000000000000
0.000003047630116270738653838634
11804.232421875000000000000000000000
8741.219726562500000000000000000000
22457.109375000000000000000000000000
7477.419921875000000000000000000000
29248.687500000000000000000000000000
34519.824218750000000000000000000000
0.000000000000000000000000000001
438.007843017578125000000000000000
14.917072296142578125000000000000
13509.541015625000000000000000000000
6639.753417968750000000000000000000
5593.515625000000000000000000000000
30164.787109375000000000000000000000
14026.940429687500000000000000000000
10885.773437500000000000000000000000
4783.152343750000000000000000000000
9113.967773437500000000000000000000
11192.469726562500000000000000000000
3661.415771484375000000000000000000
7178.452636718750000000000000000000
1258.464843750000000000000000000000
4066.493408203125000000000000000000
6499.228515625000000000000000000000
23231.318359375000000000000000000000
1191.815917968750000000000000000000
2241.635253906250000000000000000000
2522.068115234375000000000000000000
10953.032226562500000000000000000000
3321.237060546875000000000000000000
11789.467773437500000000000000000000
4165.082031250000000000000000000000
2954.633789062500000000000000000000
10491.489257812500000000000000000000
12478.176757812500000000000000000000
0.000000000000000000000000000001
6016.389648437500000000000000000000
38466.550781250000000000000000000000
11838.328125000000000000000000000000
0.000000000000000000000000000001
0.000000000000000000001545548402
19729.097656250000000000000000000000
18765.312500000000000000000000000000
649.801696777343750000000000000000
38005.671875000000000000000000000000
18650.871093750000000000000000000000
147.677368164062500000000000000000
0.000000000000000000000000000034
21286.591796875000000000000000000000
7944.123046875000000000000000000000
1436.605957031250000000000000000000
86.734031677246093750000000000000
16299.385742187500000000000000000000
6459.512207031250000000000000000000
52682.714843750000000000000000000000
3960.711425781250000000000000000000
3117.962158203125000000000000000000
3558.715087890625000000000000000000
11439.334960937500000000000000000000
14976.987304687500000000000000000000
10472.456054687500000000000000000000
16363.338867187500000000000000000000
14618.899414062500000000000000000000
5880.515136718750000000000000000000
10064.900390625000000000000000000000
12798.712890625000000000000000000000
911.116027832031250000000000000000
0.000000000000000011508400080689
13793.757812500000000000000000000000
25542.906250000000000000000000000000
0.000000000000000000000000000002
4981.467773437500000000000000000000
1532.107421875000000000000000000000
4276.986816406250000000000000000000
3772.778564453125000000000000000000
9357.861328125000000000000000000000
2558.712890625000000000000000000000
0.000000000000000010964119373532
9939.450195312500000000000000000000
643.441101074218750000000000000000
25447.617187500000000000000000000000
4261.673339843750000000000000000000
0.000000000000000000000000000001
6761.169433593750000000000000000000
4526.753906250000000000000000000000
2646.749023437500000000000000000000
4106.928222656250000000000000000000
21967.791015625000000000000000000000
0.000000000000000000018358659773
7962.787109375000000000000000000000
4435.726074218750000000000000000000
0.000000000000000000000000001504
8374.205078125000000000000000000000
7274.068847656250000000000000000000
2870.555908203125000000000000000000
8103.989746093750000000000000000000
556.058227539062500000000000000000
7453.048339843750000000000000000000
13105.708007812500000000000000000000
0.000000000000000000000000000001
7308.287597656250000000000000000000
6137.399902343750000000000000000000
13834.545898437500000000000000000000
5173.774414062500000000000000000000
1994.714111328125000000000000000000
8479.593750000000000000000000000000
8144.621093750000000000000000000000
5935.516113281250000000000000000000
10232.833007812500000000000000000000
6812.109375000000000000000000000000
12393.673828125000000000000000000000
2480.330078125000000000000000000000
8491.667968750000000000000000000000
15609.020507812500000000000000000000
48561.128906250000000000000000000000
445.493072509765625000000000000000
9378.992187500000000000000000000000
6813.458496093750000000000000000000
105281.445312500000000000000000000000
11945.498046875000000000000000000000
1387.415771484375000000000000000000
687.899658203125000000000000000000
3061.649169921875000000000000000000
0.000000000000000000000000000001
11988.698242187500000000000000000000
19517.927734375000000000000000000000
4005.166259765625000000000000000000
12609.374023437500000000000000000000
9681.848632812500000000000000000000
305.230468750000000000000000000000
2403.710937500000000000000000000000
1026.503051757812500000000000000000
14646.629882812500000000000000000000
0.000000000000000000002555083162
2144.795654296875000000000000000000
7512.115722656250000000000000000000
0.000000043427604623502702452242
14013.164062500000000000000000000000
0.000000000000000000007193573774
5749.554199218750000000000000000000
8239.330078125000000000000000000000
2046.047363281250000000000000000000
4141.591308593750000000000000000000
3775.212402343750000000000000000000
22211.332031250000000000000000000000
0.000000000000000000000000000001
14455.716796875000000000000000000000
4185.081054687500000000000000000000
3593.996582031250000000000000000000
1841.127441406250000000000000000000
2731.988037109375000000000000000000
3523.387939453125000000000000000000
508.774688720703125000000000000000
9530.940429687500000000000000000000
3790.531738281250000000000000000000
3792.191650390625000000000000000000
14665.232421875000000000000000000000
6243.082031250000000000000000000000
2442.895019531250000000000000000000
2174.205566406250000000000000000000
7438.375000000000000000000000000000
11907.623046875000000000000000000000
8679.302734375000000000000000000000
494.901214599609375000000000000000
11665.803710937500000000000000000000
13953.451171875000000000000000000000
12590.543945312500000000000000000000
7494.627929687500000000000000000000
3053.046142578125000000000000000000
11755.781250000000000000000000000000
10121.084960937500000000000000000000
0.000000000000031731409356637250
0.000000000000000000642093367025
5944.959472656250000000000000000000
9377.721679687500000000000000000000
1924.448974609375000000000000000000
6409.500976562500000000000000000000
3738.706298828125000000000000000000
1638.689575195312500000000000000000
17989.460937500000000000000000000000
6795.631835937500000000000000000000
2974.604736328125000000000000000000
14969.926757812500000000000000000000
509.046783447265625000000000000000
5076.975585937500000000000000000000
13699.781250000000000000000000000000
0.000000000000000000000000000001
833.445983886718750000000000000000
1523.078979492187500000000000000000
9708.861328125000000000000000000000
16606.142578125000000000000000000000
4059.506835937500000000000000000000
992.074279785156250000000000000000
0.000000000000000000000000000008
3089.577636718750000000000000000000
1820.342041015625000000000000000000
6211.502929687500000000000000000000
3680.454345703125000000000000000000
17277.898437500000000000000000000000
624.179382324218750000000000000000
1186.977783203125000000000000000000
3.564936637878417968750000000000
13487.368164062500000000000000000000
2365.922851562500000000000000000000
6232.253906250000000000000000000000
19338.580078125000000000000000000000
13712.503906250000000000000000000000
0.000000000000000000000000000001
0.000000000000000337196987098800
1405.332763671875000000000000000000
16985.005859375000000000000000000000
290.007537841796875000000000000000
32737.517578125000000000000000000000
835.439514160156250000000000000000
7918.306152343750000000000000000000
0.000000000000000000000000009475
8874.986328125000000000000000000000
303.330688476562500000000000000000
90.625183105468750000000000000000
1111.994018554687500000000000000000
1097.352050781250000000000000000000
2111.429443359375000000000000000000
12846.404296875000000000000000000000
15131.095703125000000000000000000000
34724.636718750000000000000000000000
691.053161621093750000000000000000
9324.165039062500000000000000000000
7498.988769531250000000000000000000
7261.706542968750000000000000000000
15167.303710937500000000000000000000
5008.420410156250000000000000000000
3619.698242187500000000000000000000
700.564514160156250000000000000000
6804.924804687500000000000000000000
9771.990234375000000000000000000000
3342.017578125000000000000000000000
10389.055664062500000000000000000000
12035.514648437500000000000000000000
161280.687500000000000000000000000000
18.408760070800781250000000000000
11194.962890625000000000000000000000
16508.050781250000000000000000000000
3259.337402343750000000000000000000
0.000000000000000000000000000001
0.000000034554023642385800485499
2419.907958984375000000000000000000
10875.939453125000000000000000000000
1141.162109375000000000000000000000
1625.161132812500000000000000000000
12705.459960937500000000000000000000
9807.142578125000000000000000000000
3036.547851562500000000000000000000
20954.656250000000000000000000000000
25440.140625000000000000000000000000
23083.029296875000000000000000000000
1123.441040039062500000000000000000
4913.015136718750000000000000000000
0.000000000232079466755408247991
0.000000000000000000003003592163
6884.354492187500000000000000000000
3786.688232421875000000000000000000
4794.064941406250000000000000000000
1119.397216796875000000000000000000
7458.412109375000000000000000000000
8251.273437500000000000000000000000
22195.421875000000000000000000000000
0.000000000000005302696876838568
259.398803710937500000000000000000
2935.408691406250000000000000000000
17644.542968750000000000000000000000
20347.466796875000000000000000000000
21109.021484375000000000000000000000
0.000000000000000000000000000001
8042.174316406250000000000000000000
3019.416748046875000000000000000000
31012.855468750000000000000000000000
606.387756347656250000000000000000
1722.822998046875000000000000000000
0.000000000000000000000000000005
15380.357421875000000000000000000000
11062.277343750000000000000000000000
15963.344726562500000000000000000000
2402.286621093750000000000000000000
0.000000000000000042025774597316
9487.894531250000000000000000000000
5365.612792968750000000000000000000
11720.676757812500000000000000000000
408.843505859375000000000000000000
0.000000000000000000000000006558
17249.228515625000000000000000000000
336.538574218750000000000000000000
0.000000000002677528121095007485
3474.353759765625000000000000000000
12683.140625000000000000000000000000
17391.707031250000000000000000000000
6169.179199218750000000000000000000
1780.912841796875000000000000000000
8460.140625000000000000000000000000
3906.532714843750000000000000000000
11350.512695312500000000000000000000
2525.422119140625000000000000000000
20722.445312500000000000000000000000
0.000000000000000000000000000001
735.850341796875000000000000000000
0.000000000000000000000000000001
0.000000000000010152822355893269
21805.537109375000000000000000000000
2374.804443359375000000000000000000
11194.471679687500000000000000000000
0.000000000000000000000006583801
1208.648193359375000000000000000000
6590.482421875000000000000000000000
11274.381835937500000000000000000000
3557.563476562500000000000000000000
6115.210449218750000000000000000000
53031.566406250000000000000000000000
7689.570800781250000000000000000000
2376.358154296875000000000000000000
288.764678955078125000000000000000
9042.297851562500000000000000000000
28300.238281250000000000000000000000
19540.138671875000000000000000000000
5353.478515625000000000000000000000
294.590332031250000000000000000000
0.000000000000000000000000472085
2392.711425781250000000000000000000
7110.243164062500000000000000000000
4493.161132812500000000000000000000
4028.133789062500000000000000000000
13500.740234375000000000000000000000
18933.894531250000000000000000000000
11114.512695312500000000000000000000
0.000000000000000000000000000001
0.000000000000000000000000012105
6440.868652343750000000000000000000
5394.127929687500000000000000000000
29106.925781250000000000000000000000
26188.306640625000000000000000000000
4502.633300781250000000000000000000
10067.127929687500000000000000000000
0.000000000000000000000000000001
1383.227416992187500000000000000000
112.216567993164062500000000000000
21746.324218750000000000000000000000
3947.301757812500000000000000000000
1843.216796875000000000000000000000
3720.849609375000000000000000000000
10913.313476562500000000000000000000
0.000000000000000000000000003423
10929.997070312500000000000000000000
4643.853515625000000000000000000000
5325.589843750000000000000000000000
5718.782714843750000000000000000000
247.478408813476562500000000000000
0.000005000997134629869833588600
2778.687500000000000000000000000000
3468.863281250000000000000000000000
408.919281005859375000000000000000
4650.615722656250000000000000000000
6070.883789062500000000000000000000
13019.376953125000000000000000000000
0.000000000000134874357233909226
14684.675781250000000000000000000000
11144.271484375000000000000000000000
8230.880859375000000000000000000000
5722.288574218750000000000000000000
3513.775390625000000000000000000000
8987.955078125000000000000000000000
343.178314208984375000000000000000
5132.635253906250000000000000000000
13433.675781250000000000000000000000
4214.076660156250000000000000000000
8516.356445312500000000000000000000
0.000000000000000000000000006175
2891.686279296875000000000000000000
5233.116210937500000000000000000000
6511.409179687500000000000000000000
2593.054199218750000000000000000000
8426.987304687500000000000000000000
14559.078125000000000000000000000000
2526.309326171875000000000000000000
9111.684570312500000000000000000000
8808.133789062500000000000000000000
8304.239257812500000000000000000000
10489.486328125000000000000000000000
3117.806152343750000000000000000000
14769.070312500000000000000000000000
444.072967529296875000000000000000
7498.493652343750000000000000000000
173.869857788085937500000000000000
5998.634277343750000000000000000000
8404.241210937500000000000000000000
26.962398529052734375000000000000
14254.302734375000000000000000000000
0.000000000000000000000000001246
5213.090820312500000000000000000000
15610.593750000000000000000000000000
17228.888671875000000000000000000000
1672.612426757812500000000000000000
6144.448730468750000000000000000000
3413.746093750000000000000000000000
1701.886230468750000000000000000000
1790.183349609375000000000000000000
19410.013671875000000000000000000000
1663.218017578125000000000000000000
9153.518554687500000000000000000000
42037.097656250000000000000000000000
0.000000095649603792935522506014
672.275634765625000000000000000000
14828.657226562500000000000000000000
17494.740234375000000000000000000000
37758.109375000000000000000000000000
1676.415893554687500000000000000000
5195.590332031250000000000000000000
6486.139160156250000000000000000000
9665.368164062500000000000000000000
6189.516113281250000000000000000000
6019.812011718750000000000000000000
19056.441406250000000000000000000000
8814.974609375000000000000000000000
0.000000000000000942183228713810
9527.811523437500000000000000000000
600.025268554687500000000000000000
23731.416015625000000000000000000000
2498.947998046875000000000000000000
0.000000000000000000011270789826
