0.111545979976654052734375000000
0.156858205795288085937500000000
0.070902027189731597900390625000
0.101809993386268615722656250000
0.131791323423385620117187500000
0.148965790867805480957031250000
0.155811026692390441894531250000
0.047064241021871566772460937500
0.047949362546205520629882812500
0.005258935969322919845581054688
0.048380795866250991821289062500
0.118289552628993988037109375000
0.087462872266769409179687500000
0.076196379959583282470703125000
0.190063700079917907714843750000
0.228094145655632019042968750000
0.010408255271613597869873046875
0.038437277078628540039062500000
0.080155096948146820068359375000
0.094541050493717193603515625000
0.189491823315620422363281250000
0.066151842474937438964843750000
0.113987177610397338867187500000
0.164018154144287109375000000000
0.111772760748863220214843750000
-0.016403609886765480041503906250
0.016004305332899093627929687500
0.033246316015720367431640625000
0.162589564919471740722656250000
0.158568948507308959960937500000
0.009980038739740848541259765625
0.022507794201374053955078125000
0.125346720218658447265625000000
-0.000477811816381290555000305176
0.049205698072910308837890625000
0.077983498573303222656250000000
0.094546183943748474121093750000
0.000550672819372266530990600586
0.036353509873151779174804687500
0.082380242645740509033203125000
0.218921199440956115722656250000
0.049655634909868240356445312500
0.002541055902838706970214843750
0.108707673847675323486328125000
0.203890830278396606445312500000
0.023025974631309509277343750000
0.039896436035633087158203125000
0.061589229851961135864257812500
0.076131850481033325195312500000
0.012691494077444076538085937500
0.051649682223796844482421875000
0.100430831313133239746093750000
0.066819138824939727783203125000
0.056998867541551589965820312500
0.048966538161039352416992187500
0.002540980232879519462585449219
0.024305460974574089050292968750
0.182202920317649841308593750000
0.054667025804519653320312500000
-0.000208920799195766448974609375
0.065058045089244842529296875000
0.103069573640823364257812500000
0.071517445147037506103515625000
0.193592250347137451171875000000
-0.007086858619004487991333007812
0.153308108448982238769531250000
0.052985075861215591430664062500
0.148943796753883361816406250000
0.004564849659800529479980468750
0.098850965499877929687500000000
0.003884611884132027626037597656
0.031541611999273300170898437500
0.079296670854091644287109375000
-0.004246104974299669265747070312
0.041393432766199111938476562500
0.068461813032627105712890625000
0.102669343352317810058593750000
0.111368410289287567138671875000
0.014155203476548194885253906250
0.102132372558116912841796875000
0.079151719808578491210937500000
0.079429060220718383789062500000
0.036640293896198272705078125000
0.057037968188524246215820312500
0.138853818178176879882812500000
0.046823121607303619384765625000
0.001954700332134962081909179688
0.107953041791915893554687500000
0.105053201317787170410156250000
0.102355763316154479980468750000
0.146395966410636901855468750000
0.204266667366027832031250000000
0.173748746514320373535156250000
-0.001290137879550457000732421875
0.121835842728614807128906250000
0.003809101413935422897338867188
0.087270252406597137451171875000
0.051914677023887634277343750000
0.168077677488327026367187500000
0.095820844173431396484375000000
0.076335430145263671875000000000
0.116775758564472198486328125000
0.083171240985393524169921875000
0.070087023079395294189453125000
0.092165909707546234130859375000
0.043784275650978088378906250000
0.142340123653411865234375000000
0.059129051864147186279296875000
0.142527505755424499511718750000
0.083092391490936279296875000000
0.191825076937675476074218750000
0.105068601667881011962890625000
0.059766612946987152099609375000
0.078755550086498260498046875000
0.090003632009029388427734375000
0.022254599258303642272949218750
0.079522565007209777832031250000
0.007741289213299751281738281250
0.074591368436813354492187500000
0.053911130875349044799804687500
0.099128931760787963867187500000
-0.008810754865407943725585937500
0.082993760704994201660156250000
0.207108795642852783203125000000
0.096517100930213928222656250000
-0.001116955070756375789642333984
0.007475215941667556762695312500
0.132399961352348327636718750000
0.201889231801033020019531250000
0.092448480427265167236328125000
0.145149305462837219238281250000
0.200952902436256408691406250000
0.019227381795644760131835937500
-0.004745855461806058883666992188
0.157735064625740051269531250000
0.099665224552154541015625000000
0.018016669899225234985351562500
0.012303860858082771301269531250
0.074950695037841796875000000000
0.059993438422679901123046875000
0.125478208065032958984375000000
0.046126570552587509155273437500
0.034786030650138854980468750000
0.074440315365791320800781250000
0.139519691467285156250000000000
0.159311935305595397949218750000
0.128218844532966613769531250000
0.160854712128639221191406250000
0.104049816727638244628906250000
0.118279084563255310058593750000
0.163909360766410827636718750000
0.056749582290649414062500000000
0.046388026326894760131835937500
-0.000423222023528069257736206055
0.168928578495979309082031250000
0.117450624704360961914062500000
0.015549554489552974700927734375
0.143102422356605529785156250000
0.165414899587631225585937500000
0.092638105154037475585937500000
0.045107387006282806396484375000
0.122369624674320220947265625000
0.063415303826332092285156250000
-0.003429020754992961883544921875
0.031962107867002487182617187500
0.047880981117486953735351562500
0.076973915100097656250000000000
0.045211102813482284545898437500
-0.006250514648854732513427734375
0.125148847699165344238281250000
0.070778526365756988525390625000
0.057407349348068237304687500000
0.033632010221481323242187500000
0.152770489454269409179687500000
-0.002065368928015232086181640625
0.087698668241500854492187500000
0.065136387944221496582031250000
-0.001716320635750889778137207031
0.027366662397980690002441406250
0.181531146168708801269531250000
0.108596101403236389160156250000
0.074007250368595123291015625000
0.017539031803607940673828125000
0.130872264504432678222656250000
0.098070420324802398681640625000
-0.003286875318735837936401367188
0.161530256271362304687500000000
0.118849441409111022949218750000
0.102196007966995239257812500000
0.145827844738960266113281250000
0.045649196952581405639648437500
0.102735795080661773681640625000
0.102867908775806427001953125000
0.126099243760108947753906250000
0.027184018865227699279785156250
0.073806278407573699951171875000
0.144151225686073303222656250000
0.110502250492572784423828125000
0.069927282631397247314453125000
0.191238790750503540039062500000
0.297413349151611328125000000000
0.065566211938858032226562500000
0.097806252539157867431640625000
0.064044073224067687988281250000
0.211966261267662048339843750000
0.107598282396793365478515625000
0.135297998785972595214843750000
0.031474616378545761108398437500
0.062780477106571197509765625000
0.007647410035133361816406250000
0.172240540385246276855468750000
0.163833454251289367675781250000
0.050181422382593154907226562500
0.130623370409011840820312500000
0.138932272791862487792968750000
0.009136077947914600372314453125
0.041560556739568710327148437500
0.030525056645274162292480468750
0.078158266842365264892578125000
-0.003159731393679976463317871094
0.046753901988267898559570312500
0.070999175310134887695312500000
0.003845746628940105438232421875
0.119508355855941772460937500000
0.011467682197690010070800781250
0.036156479269266128540039062500
0.090335004031658172607421875000
0.101258829236030578613281250000
0.069968536496162414550781250000
0.097136914730072021484375000000
0.136780887842178344726562500000
0.086995027959346771240234375000
0.101045459508895874023437500000
0.091888442635536193847656250000
0.032795503735542297363281250000
0.070274449884891510009765625000
0.067028857767581939697265625000
0.015871228650212287902832031250
0.048880733549594879150390625000
0.119802244007587432861328125000
0.102254033088684082031250000000
0.144483253359794616699218750000
0.124728113412857055664062500000
0.091337159276008605957031250000
0.113081112504005432128906250000
0.070652477443218231201171875000
0.115900531411170959472656250000
0.120145179331302642822265625000
0.132161661982536315917968750000
0.043638028204441070556640625000
0.163965061306953430175781250000
0.160054340958595275878906250000
0.118363700807094573974609375000
0.100614897906780242919921875000
0.079815387725830078125000000000
0.112074591219425201416015625000
0.109345518052577972412109375000
0.005522598046809434890747070312
0.003665898228064179420471191406
0.134977936744689941406250000000
0.024133937433362007141113281250
0.040305472910404205322265625000
0.120317921042442321777343750000
0.076549001038074493408203125000
0.030806796625256538391113281250
0.119349725544452667236328125000
0.179984360933303833007812500000
0.090763561427593231201171875000
0.201011821627616882324218750000
0.052517857402563095092773437500
0.058986332267522811889648437500
0.052479390054941177368164062500
0.000015975179849192500114440918
0.043911933898925781250000000000
0.039466176182031631469726562500
0.096435897052288055419921875000
0.054401088505983352661132812500
0.155668735504150390625000000000
0.068859614431858062744140625000
0.010084453970193862915039062500
0.137915685772895812988281250000
0.034186180680990219116210937500
0.077893614768981933593750000000
0.077306084334850311279296875000
0.117384910583496093750000000000
0.046068161725997924804687500000
0.043328426778316497802734375000
-0.001847366918809711933135986328
0.130439639091491699218750000000
0.048911124467849731445312500000
0.100786499679088592529296875000
0.044001854956150054931640625000
0.192687660455703735351562500000
0.175518915057182312011718750000
0.001212294446304440498352050781
0.075747251510620117187500000000
0.130432680249214172363281250000
0.025449780747294425964355468750
0.132699266076087951660156250000
0.032668448984622955322265625000
0.064996354281902313232421875000
-0.002982460660859942436218261719
0.039498399943113327026367187500
0.015280733816325664520263671875
0.014239486306905746459960937500
0.111241310834884643554687500000
0.012355097569525241851806640625
0.058246403932571411132812500000
0.086420521140098571777343750000
0.139279559254646301269531250000
0.064912714064121246337890625000
0.034274876117706298828125000000
0.051370572298765182495117187500
0.118580602109432220458984375000
-0.014627583324909210205078125000
0.125521644949913024902343750000
0.062640942633152008056640625000
0.101402819156646728515625000000
0.032742809504270553588867187500
0.018432926386594772338867187500
0.109172619879245758056640625000
0.043630369007587432861328125000
0.080106928944587707519531250000
0.093299254775047302246093750000
0.060730222612619400024414062500
0.008162776939570903778076171875
0.150980547070503234863281250000
0.117975525557994842529296875000
0.055240534245967864990234375000
-0.003402514848858118057250976562
0.000990243279375135898590087891
0.069245927035808563232421875000
0.082038447260856628417968750000
0.070714376866817474365234375000
0.066157467663288116455078125000
0.035701476037502288818359375000
0.130596756935119628906250000000
0.107632182538509368896484375000
0.131000280380249023437500000000
0.107984624803066253662109375000
0.056569855660200119018554687500
0.075925737619400024414062500000
0.084755949676036834716796875000
-0.000393044261727482080459594727
0.006073945201933383941650390625
0.088216423988342285156250000000
0.119140930473804473876953125000
0.094819746911525726318359375000
0.046546641737222671508789062500
0.050028204917907714843750000000
0.127230688929557800292968750000
0.174370810389518737792968750000
0.001607775106094777584075927734
0.012661349028348922729492187500
0.059941772371530532836914062500
0.115370638668537139892578125000
0.075409971177577972412109375000
0.070962838828563690185546875000
0.004331654869019985198974609375
0.157129541039466857910156250000
0.097140222787857055664062500000
0.193539246916770935058593750000
0.027133349329233169555664062500
0.052481189370155334472656250000
-0.003491710405796766281127929688
0.105711594223976135253906250000
0.095782078802585601806640625000
0.100731819868087768554687500000
0.094391115009784698486328125000
-0.012065204791724681854248046875
0.098659500479698181152343750000
0.066842086613178253173828125000
0.105077661573886871337890625000
0.025520466268062591552734375000
0.004674181342124938964843750000
0.006129617337137460708618164062
0.020014192909002304077148437500
-0.001489925896748900413513183594
0.086785227060317993164062500000
0.125238433480262756347656250000
0.222174704074859619140625000000
0.085343584418296813964843750000
0.045938290655612945556640625000
0.089878283441066741943359375000
0.079589433968067169189453125000
0.031910974532365798950195312500
0.075188636779785156250000000000
0.136071324348449707031250000000
0.009665873833000659942626953125
0.051931764930486679077148437500
0.003052749671041965484619140625
-0.009311750531196594238281250000
0.073619604110717773437500000000
0.080872394144535064697265625000
0.161010950803756713867187500000
0.003159853629767894744873046875
0.040123768150806427001953125000
0.049036320298910140991210937500
0.074195429682731628417968750000
0.098333276808261871337890625000
0.086390472948551177978515625000
0.172450989484786987304687500000
0.023715477436780929565429687500
0.060814719647169113159179687500
0.030923807993531227111816406250
0.151881933212280273437500000000
0.091173686087131500244140625000
0.108520783483982086181640625000
0.057684887200593948364257812500
0.029357137158513069152832031250
0.002819453831762075424194335938
0.070352964103221893310546875000
0.069582432508468627929687500000
0.110013321042060852050781250000
0.082949616014957427978515625000
0.074223026633262634277343750000
0.252792507410049438476562500000
0.144470021128654479980468750000
-0.004522565752267837524414062500
-0.002527505159378051757812500000
0.073926344513893127441406250000
0.070438116788864135742187500000
0.102178774774074554443359375000
0.172984957695007324218750000000
0.135185003280639648437500000000
0.099810220301151275634765625000
-0.006228890269994735717773437500
0.047062765806913375854492187500
0.022797882556915283203125000000
0.035137835890054702758789062500
0.077554784715175628662109375000
0.036301951855421066284179687500
0.050276055932044982910156250000
0.154237002134323120117187500000
-0.000723378791008144617080688477
0.094545044004917144775390625000
0.076295085251331329345703125000
0.067055821418762207031250000000
0.120743907988071441650390625000
0.061691939830780029296875000000
-0.003410072764381766319274902344
0.097979582846164703369140625000
0.052990313619375228881835937500
0.019065964967012405395507812500
0.130669355392456054687500000000
0.132062882184982299804687500000
0.173434883356094360351562500000
-0.037826679646968841552734375000
0.102387964725494384765625000000
0.103525221347808837890625000000
0.034330096095800399780273437500
0.063271082937717437744140625000
0.078855872154235839843750000000
0.074635021388530731201171875000
0.062879346311092376708984375000
0.073492921888828277587890625000
0.146514564752578735351562500000
0.077622890472412109375000000000
0.073406562209129333496093750000
-0.009179921820759773254394531250
0.075186334550380706787109375000
0.102817565202713012695312500000
0.141986191272735595703125000000
0.103337556123733520507812500000
0.100714728236198425292968750000
0.081832349300384521484375000000
0.057507436722517013549804687500
0.128804802894592285156250000000
0.104075379669666290283203125000
0.083919830620288848876953125000
0.157363668084144592285156250000
0.105036802589893341064453125000
0.082782365381717681884765625000
0.038823436945676803588867187500
0.097986981272697448730468750000
0.024389704689383506774902343750
0.125484213232994079589843750000
0.110789418220520019531250000000
0.014448431320488452911376953125
0.070886209607124328613281250000
-0.001752116717398166656494140625
0.072971247136592864990234375000
0.075848430395126342773437500000
0.072839677333831787109375000000
0.074720904231071472167968750000
0.057909600436687469482421875000
0.072800636291503906250000000000
0.021883802488446235656738281250
0.048740383237600326538085937500
0.122175708413124084472656250000
0.088945820927619934082031250000
0.082414396107196807861328125000
0.164258182048797607421875000000
-0.003022987861186265945434570312
0.018025536090135574340820312500
0.091397956013679504394531250000
0.085791841149330139160156250000
0.236244827508926391601562500000
0.035881981253623962402343750000
0.068895570933818817138671875000
0.096494689583778381347656250000
0.124800957739353179931640625000
0.025255909189581871032714843750
0.083050914108753204345703125000
0.106123425066471099853515625000
0.040557824075222015380859375000
-0.008109166286885738372802734375
0.090289175510406494140625000000
0.040308084338903427124023437500
0.214239984750747680664062500000
0.020532619208097457885742187500
0.006686074193567037582397460938
