7.572494029998779296875000000000
14.290525436401367187500000000000
0.941313505172729492187500000000
15.400390625000000000000000000000
17.731966018676757812500000000000
7.793683052062988281250000000000
32.516639709472656250000000000000
1.531028509140014648437500000000
27.648115158081054687500000000000
0.000000000000000000000000000000
1.691033244132995605468750000000
10.258769035339355468750000000000
16.743144989013671875000000000000
3.924342155456542968750000000000
8.811676979064941406250000000000
17.569063186645507812500000000000
0.000000000006310851147217633184
4.808463573455810546875000000000
11.561592102050781250000000000000
5.588297367095947265625000000000
11.028562545776367187500000000000
5.910638809204101562500000000000
16.112709045410156250000000000000
19.669118881225585937500000000000
14.892294883728027343750000000000
0.000000000005963890839510987973
1.332642436027526855468750000000
2.015732288360595703125000000000
14.085868835449218750000000000000
30.021722793579101562500000000000
0.185248360037803649902343750000
1.783324718475341796875000000000
10.675201416015625000000000000000
0.000000000000011862554971794285
11.444558143615722656250000000000
6.830047130584716796875000000000
3.681331634521484375000000000000
0.621633946895599365234375000000
7.719021797180175781250000000000
1.919735074043273925781250000000
27.982837677001953125000000000000
7.431547641754150390625000000000
0.000000000001941656687862169939
20.328809738159179687500000000000
31.706748962402343750000000000000
0.506962656974792480468750000000
0.000000000000149573495950017232
7.749169826507568359375000000000
3.657993078231811523437500000000
0.508448362350463867187500000000
15.514146804809570312500000000000
15.825033187866210937500000000000
2.411122083663940429687500000000
6.300410270690917968750000000000
1.008263707160949707031250000000
0.000000000000000000000000000000
3.081619977951049804687500000000
27.649616241455078125000000000000
11.585714340209960937500000000000
0.000000000000000000000000021173
2.259017944335937500000000000000
5.780017375946044921875000000000
14.920522689819335937500000000000
15.459172248840332031250000000000
0.000000000000000468994625477299
8.245564460754394531250000000000
1.502347350120544433593750000000
28.160326004028320312500000000000
0.000000210086739116377430036664
5.039240360260009765625000000000
1.636469960212707519531250000000
1.524037122726440429687500000000
24.639411926269531250000000000000
0.000000000000000000000000000000
0.968982756137847900390625000000
9.211832046508789062500000000000
13.508090019226074218750000000000
5.894831180572509765625000000000
1.414700269699096679687500000000
14.024041175842285156250000000000
1.879913926124572753906250000000
26.706781387329101562500000000000
11.775014877319335937500000000000
4.483000755310058593750000000000
10.022036552429199218750000000000
15.436180114746093750000000000000
0.000000426642287720824242569506
8.647167205810546875000000000000
10.024315834045410156250000000000
32.507926940917968750000000000000
9.432302474975585937500000000000
33.025901794433593750000000000000
28.989486694335937500000000000000
0.000000000000000000000000000000
0.696564435958862304687500000000
0.036487158387899398803710937500
17.188798904418945312500000000000
8.400891304016113281250000000000
9.568663597106933593750000000000
31.165534973144531250000000000000
22.874677658081054687500000000000
18.792554855346679687500000000000
5.605313777923583984375000000000
12.682377815246582031250000000000
12.553206443786621093750000000000
4.257593154907226562500000000000
9.173849105834960937500000000000
1.492328882217407226562500000000
7.991767406463623046875000000000
7.176965236663818359375000000000
24.352109909057617187500000000000
2.089680910110473632812500000000
3.146776676177978515625000000000
3.662611722946166992187500000000
12.509010314941406250000000000000
6.106796264648437500000000000000
14.040430068969726562500000000000
5.009599685668945312500000000000
3.481435060501098632812500000000
13.121412277221679687500000000000
14.901182174682617187500000000000
0.000000000000000000000000000000
7.474884033203125000000000000000
43.547172546386718750000000000000
15.788551330566406250000000000000
0.000000000000000000000000000000
0.000000000000000000001458163213
23.999259948730468750000000000000
15.709012031555175781250000000000
1.277664542198181152343750000000
31.490089416503906250000000000000
30.999763488769531250000000000000
0.262368023395538330078125000000
0.000000000000000000000000000015
30.054645538330078125000000000000
10.942704200744628906250000000000
1.904394507408142089843750000000
0.246872499585151672363281250000
20.874778747558593750000000000000
7.610157489776611328125000000000
56.526981353759765625000000000000
3.244787454605102539062500000000
4.807591438293457031250000000000
4.657905578613281250000000000000
14.308382034301757812500000000000
13.328002929687500000000000000000
10.741252899169921875000000000000
28.222299575805664062500000000000
14.066898345947265625000000000000
7.262619495391845703125000000000
8.682362556457519531250000000000
11.365031242370605468750000000000
1.098675489425659179687500000000
0.000000000000000135781088745649
14.062805175781250000000000000000
33.427726745605468750000000000000
0.000000000000000000000000000003
5.823659896850585937500000000000
5.316874504089355468750000000000
5.890355587005615234375000000000
5.137551784515380859375000000000
17.657947540283203125000000000000
2.946715831756591796875000000000
0.000000000000000034427978395951
12.901336669921875000000000000000
1.052714824676513671875000000000
23.726390838623046875000000000000
5.526449680328369140625000000000
0.000000000000000000000000000000
8.688776969909667968750000000000
4.917181968688964843750000000000
3.209471464157104492187500000000
5.480946063995361328125000000000
23.989343643188476562500000000000
0.000000000000000000001429622150
6.973237991333007812500000000000
4.664478302001953125000000000000
0.000000000000000000000000001595
9.034620285034179687500000000000
16.039346694946289062500000000000
4.182898998260498046875000000000
7.764203548431396484375000000000
0.513991832733154296875000000000
10.039427757263183593750000000000
14.787530899047851562500000000000
0.000000000000000000000000000000
7.458622455596923828125000000000
11.130055427551269531250000000000
14.155924797058105468750000000000
6.279458045959472656250000000000
2.940021276473999023437500000000
19.965429306030273437500000000000
8.892622947692871093750000000000
7.634446620941162109375000000000
12.789768218994140625000000000000
7.777641296386718750000000000000
11.401525497436523437500000000000
4.364727020263671875000000000000
9.685122489929199218750000000000
20.869741439819335937500000000000
44.318294525146484375000000000000
0.890655040740966796875000000000
11.790901184082031250000000000000
14.576359748840332031250000000000
95.569908142089843750000000000000
15.701354026794433593750000000000
2.992024660110473632812500000000
0.887380361557006835937500000000
4.159029483795166015625000000000
0.000000000000000000000000000000
15.972072601318359375000000000000
19.140941619873046875000000000000
4.564118862152099609375000000000
20.086399078369140625000000000000
11.604232788085937500000000000000
0.508804678916931152343750000000
3.099241256713867187500000000000
1.622789382934570312500000000000
19.398674011230468750000000000000
0.000000000000000000001802095561
2.967486381530761718750000000000
8.716556549072265625000000000000
0.000000002895971240590711204277
13.476958274841308593750000000000
0.000000000000000000002371665353
5.356264591217041015625000000000
11.685594558715820312500000000000
3.999993562698364257812500000000
5.752473831176757812500000000000
5.563377380371093750000000000000
21.177125930786132812500000000000
0.000000000000000000000000000000
24.266902923583984375000000000000
5.111218452453613281250000000000
4.264517784118652343750000000000
2.298832178115844726562500000000
3.630021333694458007812500000000
4.254063129425048828125000000000
0.689462840557098388671875000000
10.884003639221191406250000000000
6.407685756683349609375000000000
9.933813095092773437500000000000
10.534647941589355468750000000000
7.517231941223144531250000000000
5.651647090911865234375000000000
3.131103038787841796875000000000
7.282864570617675781250000000000
13.677571296691894531250000000000
10.044495582580566406250000000000
1.468850135803222656250000000000
15.324662208557128906250000000000
14.625699996948242187500000000000
16.257713317871093750000000000000
18.620433807373046875000000000000
2.672620534896850585937500000000
10.690113067626953125000000000000
10.705298423767089843750000000000
0.000000000000001169257621158755
0.000000000000000000195658213091
7.897753238677978515625000000000
11.328204154968261718750000000000
2.557711362838745117187500000000
8.338639259338378906250000000000
5.534362316131591796875000000000
1.912170767784118652343750000000
30.545654296875000000000000000000
8.133986473083496093750000000000
4.326613426208496093750000000000
16.374967575073242187500000000000
0.934073567390441894531250000000
5.430129051208496093750000000000
16.659048080444335937500000000000
0.000000000000000000000000000001
1.679593682289123535156250000000
2.283720970153808593750000000000
15.084684371948242187500000000000
15.897250175476074218750000000000
4.431264400482177734375000000000
1.593397974967956542968750000000
0.000000000000000000000000000018
3.295238018035888671875000000000
2.402772903442382812500000000000
11.444271087646484375000000000000
4.204846382141113281250000000000
16.224437713623046875000000000000
1.178480625152587890625000000000
2.025187253952026367187500000000
0.019937975332140922546386718750
13.088487625122070312500000000000
3.244078159332275390625000000000
6.666466712951660156250000000000
24.035209655761718750000000000000
18.158380508422851562500000000000
0.000000000000000000000000000000
0.000000000000000104068810475158
2.256533145904541015625000000000
19.749797821044921875000000000000
0.797122299671173095703125000000
37.184543609619140625000000000000
1.135943531990051269531250000000
9.316669464111328125000000000000
0.000000000000000000000000003862
8.519239425659179687500000000000
0.479537665843963623046875000000
0.268003106117248535156250000000
1.629852414131164550781250000000
2.254679918289184570312500000000
2.347973108291625976562500000000
14.246280670166015625000000000000
24.971845626831054687500000000000
37.486305236816406250000000000000
0.872194945812225341796875000000
8.742476463317871093750000000000
11.304305076599121093750000000000
6.571223735809326171875000000000
15.599175453186035156250000000000
6.863788127899169921875000000000
4.704821586608886718750000000000
0.851032972335815429687500000000
6.481463432312011718750000000000
9.523461341857910156250000000000
4.217905521392822265625000000000
13.642947196960449218750000000000
13.097491264343261718750000000000
174.194763183593750000000000000000
0.137019172310829162597656250000
13.929203033447265625000000000000
15.665823936462402343750000000000
4.336767196655273437500000000000
0.000000000000000000000000000000
0.000000066666601128417823929340
3.589821100234985351562500000000
10.823919296264648437500000000000
1.991082310676574707031250000000
2.320398092269897460937500000000
9.762189865112304687500000000000
16.790220260620117187500000000000
4.416283130645751953125000000000
16.149040222167968750000000000000
37.344753265380859375000000000000
19.278388977050781250000000000000
1.423887372016906738281250000000
9.313414573669433593750000000000
0.000000000102024472203865457232
0.000000000000000000052435806210
7.970221519470214843750000000000
5.613559722900390625000000000000
6.170828819274902343750000000000
1.495991945266723632812500000000
9.310143470764160156250000000000
8.876897811889648437500000000000
23.002197265625000000000000000000
0.000000000000001845170007793427
0.468181818723678588867187500000
4.388028621673583984375000000000
18.371330261230468750000000000000
19.009164810180664062500000000000
20.953014373779296875000000000000
0.000000000000000000000000000000
14.593413352966308593750000000000
4.590127944946289062500000000000
28.385063171386718750000000000000
1.509019374847412109375000000000
2.482950925827026367187500000000
0.000000000000000000000000000004
16.722545623779296875000000000000
10.687061309814453125000000000000
15.080342292785644531250000000000
3.838794708251953125000000000000
0.000000000000000034762500161835
12.456882476806640625000000000000
6.076582908630371093750000000000
15.034766197204589843750000000000
0.748300313949584960937500000000
0.000000000000000000000000000801
20.164007186889648437500000000000
0.514454424381256103515625000000
0.000000000000920749262424414017
3.813200473785400390625000000000
10.438529014587402343750000000000
19.656002044677734375000000000000
7.538793563842773437500000000000
2.588136434555053710937500000000
9.568230628967285156250000000000
4.730079650878906250000000000000
10.680490493774414062500000000000
3.769685745239257812500000000000
23.151302337646484375000000000000
0.000000000000000000000000000000
1.549928069114685058593750000000
0.000000000000000000000000000000
0.000000000000003013325215571331
20.243532180786132812500000000000
3.240030527114868164062500000000
10.684191703796386718750000000000
0.000000000000000000000002668991
1.564680933952331542968750000000
8.693665504455566406250000000000
10.504402160644531250000000000000
4.966171264648437500000000000000
6.946223735809326171875000000000
38.700805664062500000000000000000
5.896970272064208984375000000000
2.775591850280761718750000000000
0.659008324146270751953125000000
13.495517730712890625000000000000
25.045476913452148437500000000000
17.456466674804687500000000000000
7.555600166320800781250000000000
0.821905553340911865234375000000
0.000000000000000000000000220620
2.782200098037719726562500000000
6.962106227874755859375000000000
4.150706291198730468750000000000
4.476992130279541015625000000000
15.132439613342285156250000000000
21.770812988281250000000000000000
13.548983573913574218750000000000
0.000000000000000000000000000000
0.000000000000000000000000002096
8.596550941467285156250000000000
4.363066196441650390625000000000
33.297218322753906250000000000000
28.663490295410156250000000000000
6.303487777709960937500000000000
14.378642082214355468750000000000
0.000000000000000000000000000000
2.412206411361694335937500000000
0.468419015407562255859375000000
19.161584854125976562500000000000
5.336217403411865234375000000000
1.691644549369812011718750000000
5.225711345672607421875000000000
14.536617279052734375000000000000
0.000000000000000000000000016644
10.679045677185058593750000000000
6.985956668853759765625000000000
6.882526874542236328125000000000
7.154349327087402343750000000000
0.531996428966522216796875000000
0.000001104764578485628589987755
4.039969921112060546875000000000
4.837347984313964843750000000000
0.665484070777893066406250000000
6.702458381652832031250000000000
11.109761238098144531250000000000
16.491212844848632812500000000000
0.000000000000009263535170065187
15.512845039367675781250000000000
11.170949935913085937500000000000
9.520512580871582031250000000000
6.300223827362060546875000000000
4.449415683746337890625000000000
10.555776596069335937500000000000
1.452125072479248046875000000000
9.444724082946777343750000000000
19.978649139404296875000000000000
6.166837215423583984375000000000
8.514756202697753906250000000000
0.000000000000000000000000000745
3.479971647262573242187500000000
7.819497585296630859375000000000
8.144352912902832031250000000000
2.970934152603149414062500000000
10.652346611022949218750000000000
16.900115966796875000000000000000
3.034365415573120117187500000000
6.864547729492187500000000000000
13.511731147766113281250000000000
8.807312011718750000000000000000
13.832377433776855468750000000000
5.731780052185058593750000000000
13.117823600769042968750000000000
1.145009160041809082031250000000
8.728231430053710937500000000000
0.409831553697586059570312500000
6.663722038269042968750000000000
12.807124137878417968750000000000
0.063595466315746307373046875000
19.209918975830078125000000000000
0.000000000000000000000000000835
9.754000663757324218750000000000
17.556722640991210937500000000000
17.699962615966796875000000000000
2.596493244171142578125000000000
5.247210025787353515625000000000
4.444145679473876953125000000000
2.732172966003417968750000000000
2.519878864288330078125000000000
20.067235946655273437500000000000
2.405941963195800781250000000000
9.773706436157226562500000000000
31.119020462036132812500000000000
0.000000015486495641425790381618
0.760555624961853027343750000000
14.264422416687011718750000000000
19.849985122680664062500000000000
41.598907470703125000000000000000
1.882908821105957031250000000000
6.502728939056396484375000000000
6.295835494995117187500000000000
10.155147552490234375000000000000
7.545916557312011718750000000000
7.485049724578857421875000000000
29.267686843872070312500000000000
9.580174446105957031250000000000
0.000000000000000173958213637160
12.206971168518066406250000000000
1.199162602424621582031250000000
25.184391021728515625000000000000
2.666567802429199218750000000000
0.000000000000000000005733923514
