0.046372573822736740112304687500
-0.009427318349480628967285156250
0.097078673541545867919921875000
-0.010747058317065238952636718750
-0.025490775704383850097656250000
-0.053490459918975830078125000000
-0.018945802003145217895507812500
-0.003570468863472342491149902344
-0.028501898050308227539062500000
0.025530820712447166442871093750
0.048198498785495758056640625000
0.065328851342201232910156250000
0.038645733147859573364257812500
0.048448294401168823242187500000
0.005086722783744335174560546875
-0.069292746484279632568359375000
-0.014667158015072345733642578125
-0.021501880139112472534179687500
0.028428509831428527832031250000
0.016918106004595756530761718750
0.042283449321985244750976562500
-0.008449633605778217315673828125
0.003188784699887037277221679688
0.017287420108914375305175781250
-0.005619465373456478118896484375
0.022034678608179092407226562500
0.039786506444215774536132812500
0.081554882228374481201171875000
0.006237269379198551177978515625
0.013039260171353816986083984375
0.033558063209056854248046875000
-0.008590047247707843780517578125
-0.090339407324790954589843750000
0.031239168718457221984863281250
-0.010787906125187873840332031250
-0.056851241737604141235351562500
-0.012972886674106121063232421875
0.066552415490150451660156250000
-0.003659832524135708808898925781
0.011663879267871379852294921875
0.131259635090827941894531250000
-0.060238324105739593505859375000
0.066501587629318237304687500000
0.015380811877548694610595703125
-0.028477892279624938964843750000
-0.024129722267389297485351562500
0.022117376327514648437500000000
-0.027310552075505256652832031250
-0.001253988360986113548278808594
-0.063186176121234893798828125000
-0.006866032257676124572753906250
-0.040214356034994125366210937500
0.127719566226005554199218750000
-0.001865683705545961856842041016
0.030278081074357032775878906250
0.057366076856851577758789062500
0.033204238861799240112304687500
-0.037048701196908950805664062500
0.042425081133842468261718750000
-0.055044103413820266723632812500
0.067876920104026794433593750000
-0.011278037913143634796142578125
-0.041885487735271453857421875000
-0.011987502686679363250732421875
0.030900482088327407836914062500
-0.024479635059833526611328125000
-0.000793471233919262886047363281
0.006539500318467617034912109375
-0.016633931547403335571289062500
0.003736211918294429779052734375
0.016081808134913444519042968750
0.031086370348930358886718750000
-0.026307875290513038635253906250
0.050245147198438644409179687500
-0.038085680454969406127929687500
0.016611814498901367187500000000
0.038744881749153137207031250000
0.013736854307353496551513671875
0.033878020942211151123046875000
0.001721216714940965175628662109
0.012324859388172626495361328125
0.009680490009486675262451171875
0.020263219252228736877441406250
-0.006802801974117755889892578125
0.021630257368087768554687500000
-0.014308040961623191833496093750
-0.029563134536147117614746093750
-0.061879251152276992797851562500
-0.006563668604940176010131835938
0.030555104836821556091308593750
0.032664116472005844116210937500
0.065897665917873382568359375000
0.019423404708504676818847656250
0.046031255275011062622070312500
-0.003754710778594017028808593750
0.060143917798995971679687500000
0.047014914453029632568359375000
0.030637260526418685913085937500
-0.025681572034955024719238281250
-0.023331420496106147766113281250
-0.025581490248441696166992187500
0.030043827369809150695800781250
0.028277326375246047973632812500
0.062150016427040100097656250000
-0.036014962941408157348632812500
0.020101489499211311340332031250
-0.012673398479819297790527343750
-0.007056004833430051803588867188
-0.005292135290801525115966796875
-0.049500349909067153930664062500
0.010978060774505138397216796875
-0.015512629412114620208740234375
-0.013987405225634574890136718750
0.008968972600996494293212890625
0.053617246448993682861328125000
0.030391549691557884216308593750
-0.002454025205224752426147460938
0.068070687353610992431640625000
-0.008472288958728313446044921875
-0.077803045511245727539062500000
0.001999997999519109725952148438
0.077253416180610656738281250000
-0.032400336116552352905273437500
-0.082100011408329010009765625000
-0.010428871028125286102294921875
0.044205952435731887817382812500
0.046516235917806625366210937500
-0.081660471856594085693359375000
0.021760331466794013977050781250
0.011132540181279182434082031250
0.005114931613206863403320312500
-0.079878054559230804443359375000
-0.016366759315133094787597656250
0.019714348018169403076171875000
0.060946278274059295654296875000
0.044717874377965927124023437500
0.025866497308015823364257812500
-0.080303773283958435058593750000
0.015758546069264411926269531250
-0.016603305935859680175781250000
0.070215366780757904052734375000
-0.020328277722001075744628906250
0.068193383514881134033203125000
-0.016126409173011779785156250000
0.076580248773097991943359375000
0.032734412699937820434570312500
-0.077990323305130004882812500000
0.012013696134090423583984375000
0.021788241341710090637207031250
-0.050822656601667404174804687500
-0.027292763814330101013183593750
-0.011117221787571907043457031250
-0.048207327723503112792968750000
0.004835956264287233352661132812
-0.045513227581977844238281250000
-0.025581490248441696166992187500
-0.000193727275473065674304962158
0.006315261591225862503051757812
0.020236361771821975708007812500
0.058978747576475143432617187500
0.035841699689626693725585937500
0.022614926099777221679687500000
0.007646393962204456329345703125
-0.017253933474421501159667968750
0.011573723517358303070068359375
0.003767784452065825462341308594
-0.020765712484717369079589843750
0.034170027822256088256835937500
0.015908030793070793151855468750
-0.005432926118373870849609375000
0.033114846795797348022460937500
0.032470863312482833862304687500
-0.012317384593188762664794921875
0.052221667021512985229492187500
0.041249938309192657470703125000
0.002119102980941534042358398438
0.021653784438967704772949218750
0.011059910058975219726562500000
-0.017182392999529838562011718750
0.016597900539636611938476562500
0.034068688750267028808593750000
0.102659203112125396728515625000
-0.013676610775291919708251953125
-0.018152315169572830200195312500
0.107260622084140777587890625000
0.001607350655831396579742431641
0.042103428393602371215820312500
-0.025807624682784080505371093750
-0.053521547466516494750976562500
-0.046784792095422744750976562500
0.061313513666391372680664062500
-0.022332470864057540893554687500
0.002632482908666133880615234375
-0.000730830186512321233749389648
-0.048956342041492462158203125000
-0.105362869799137115478515625000
-0.011049468070268630981445312500
0.057047285139560699462890625000
0.034360639750957489013671875000
-0.029440181329846382141113281250
0.044165320694446563720703125000
-0.020917663350701332092285156250
-0.027624994516372680664062500000
-0.065634198486804962158203125000
-0.039653707295656204223632812500
0.064783059060573577880859375000
0.024608403444290161132812500000
0.055621683597564697265625000000
-0.006121647544205188751220703125
-0.003725914517417550086975097656
0.002826948883011937141418457031
0.012736699543893337249755859375
0.000249983713729307055473327637
-0.053145561367273330688476562500
0.055146314203739166259765625000
-0.005264664068818092346191406250
0.044272679835557937622070312500
0.002727859420701861381530761719
0.020745705813169479370117187500
-0.043374482542276382446289062500
0.002163648372516036033630371094
-0.016468085348606109619140625000
0.034839671105146408081054687500
0.005490093026310205459594726562
0.007303648628294467926025390625
0.042770095169544219970703125000
0.035419318825006484985351562500
-0.013214969076216220855712890625
0.004460091236978769302368164062
0.062955774366855621337890625000
0.050625588744878768920898437500
0.028374364599585533142089843750
0.018985347822308540344238281250
0.026895392686128616333007812500
0.007770428899675607681274414062
-0.020528974011540412902832031250
-0.019891532137989997863769531250
0.063875667750835418701171875000
-0.020374711602926254272460937500
0.023645391687750816345214843750
0.028020456433296203613281250000
-0.004534301813691854476928710938
0.052697680890560150146484375000
-0.002255767351016402244567871094
0.039945241063833236694335937500
0.034264203161001205444335937500
0.049592468887567520141601562500
0.023740014061331748962402343750
0.021489672362804412841796875000
-0.023061815649271011352539062500
0.090010955929756164550781250000
0.007865772582590579986572265625
0.024491146206855773925781250000
-0.053173091262578964233398437500
0.000627374160103499889373779297
0.041675027459859848022460937500
0.033601313829421997070312500000
-0.003762892447412014007568359375
0.095578014850616455078125000000
0.009890047833323478698730468750
0.009858412668108940124511718750
0.004640243947505950927734375000
0.016136942431330680847167968750
-0.001662316848523914813995361328
0.048295386135578155517578125000
0.045205716043710708618164062500
-0.019221793860197067260742187500
0.075894892215728759765625000000
0.032263778150081634521484375000
-0.038486037403345108032226562500
0.003958039917051792144775390625
-0.029695346951484680175781250000
0.017779568210244178771972656250
-0.012784495949745178222656250000
0.028452528640627861022949218750
0.019550899043679237365722656250
-0.012954101897776126861572265625
-0.018792374059557914733886718750
0.016597136855125427246093750000
0.002802999224513769149780273438
0.042712818831205368041992187500
-0.010904802009463310241699218750
0.036020070314407348632812500000
0.065103977918624877929687500000
0.025361374020576477050781250000
0.015957526862621307373046875000
0.063544213771820068359375000000
-0.016295515000820159912109375000
0.018375001847743988037109375000
-0.003858298528939485549926757812
0.002052304567769169807434082031
0.037033140659332275390625000000
0.002429227111861109733581542969
-0.006538957357406616210937500000
-0.019486591219902038574218750000
0.022497044876217842102050781250
-0.013828456401824951171875000000
0.057195663452148437500000000000
0.004939118865877389907836914062
0.028647834435105323791503906250
-0.016216391697525978088378906250
-0.095208898186683654785156250000
0.130141079425811767578125000000
-0.003956573549658060073852539062
-0.013775856234133243560791015625
0.035634350031614303588867187500
0.038746908307075500488281250000
-0.036751452833414077758789062500
-0.035822864621877670288085937500
0.029821738600730895996093750000
0.036691300570964813232421875000
-0.022889330983161926269531250000
-0.014730697497725486755371093750
0.064290203154087066650390625000
-0.020311167463660240173339843750
-0.003283598693087697029113769531
0.085057243704795837402343750000
0.048793148249387741088867187500
0.059199459850788116455078125000
-0.026356073096394538879394531250
0.030846528708934783935546875000
0.078228451311588287353515625000
-0.014968259260058403015136718750
0.008207809180021286010742187500
0.007970133796334266662597656250
-0.028541076928377151489257812500
-0.052759971469640731811523437500
0.022931896150112152099609375000
0.016234045848250389099121093750
0.029579510912299156188964843750
-0.000996644957922399044036865234
0.084646373987197875976562500000
0.038936093449592590332031250000
0.018623875454068183898925781250
-0.025235652923583984375000000000
-0.050135273486375808715820312500
0.055619735270738601684570312500
0.021020039916038513183593750000
-0.006613796111196279525756835938
0.045968983322381973266601562500
-0.052557960152626037597656250000
0.087519295513629913330078125000
0.026254663243889808654785156250
0.030974203720688819885253906250
-0.034636657685041427612304687500
0.018424831330776214599609375000
0.032312311232089996337890625000
0.197321534156799316406250000000
0.031726174056529998779296875000
0.032907336950302124023437500000
0.035981662571430206298828125000
-0.020385578274726867675781250000
0.054054558277130126953125000000
0.062178988009691238403320312500
-0.004672233480960130691528320312
-0.000691570865456014871597290039
0.009391239844262599945068359375
0.015351964160799980163574218750
0.067026600241661071777343750000
0.037149216979742050170898437500
0.005773722659796476364135742188
0.026337461546063423156738281250
0.029533652588725090026855468750
0.019877828657627105712890625000
0.061978153884410858154296875000
-0.031111681833863258361816406250
-0.041406344622373580932617187500
-0.086289055645465850830078125000
0.076672993600368499755859375000
-0.019875854253768920898437500000
0.000756741152144968509674072266
-0.015509337186813354492187500000
-0.016597671434283256530761718750
-0.078019514679908752441406250000
0.026165397837758064270019531250
0.044519670307636260986328125000
0.004675690550357103347778320312
-0.017776740714907646179199218750
0.034477047622203826904296875000
0.045817155390977859497070312500
0.051953569054603576660156250000
0.058661453425884246826171875000
-0.017475150525569915771484375000
-0.030012872070074081420898437500
-0.047300923615694046020507812500
0.009684617631137371063232421875
-0.029739618301391601562500000000
0.013651240617036819458007812500
0.027616636827588081359863281250
-0.015065372921526432037353515625
-0.018669642508029937744140625000
-0.003802867373451590538024902344
0.025092279538512229919433593750
0.002072923118248581886291503906
-0.018007500097155570983886718750
0.113915227353572845458984375000
0.008874517865478992462158203125
-0.004419169854372739791870117188
-0.038376811891794204711914062500
0.052135098725557327270507812500
0.029009900987148284912109375000
0.040587965399026870727539062500
0.004489300306886434555053710938
-0.033095590770244598388671875000
-0.047018777579069137573242187500
0.066388837993144989013671875000
0.044604044407606124877929687500
0.011449383571743965148925781250
0.001743793021887540817260742188
0.039116781204938888549804687500
0.014517344534397125244140625000
0.012238981202244758605957031250
0.027296399697661399841308593750
0.013595863245427608489990234375
0.009648357518017292022705078125
0.000521427427884191274642944336
0.048103537410497665405273437500
-0.030061354860663414001464843750
0.018292842432856559753417968750
0.024910377338528633117675781250
0.002787856617942452430725097656
-0.010387208312749862670898437500
0.014330513775348663330078125000
-0.004117626696825027465820312500
0.005599822849035263061523437500
-0.022471301257610321044921875000
0.008346001617610454559326171875
0.063789747655391693115234375000
0.029466245323419570922851562500
-0.018787765875458717346191406250
0.037710431963205337524414062500
-0.002173266373574733734130859375
0.028740925714373588562011718750
0.025914428755640983581542968750
0.027163930237293243408203125000
-0.029062645509839057922363281250
0.036332815885543823242187500000
0.023496907204389572143554687500
0.041392639279365539550781250000
-0.013576997444033622741699218750
-0.059012550860643386840820312500
-0.063701488077640533447265625000
-0.068996421992778778076171875000
0.026181150227785110473632812500
0.010272950865328311920166015625
0.053456038236618041992187500000
0.032381508499383926391601562500
0.000957650365307927131652832031
0.001855949521996080875396728516
0.002789109479635953903198242188
-0.059399850666522979736328125000
0.026711946353316307067871093750
0.043371703475713729858398437500
-0.012770579196512699127197265625
0.059294480830430984497070312500
0.024249354377388954162597656250
-0.005393326282501220703125000000
0.009062628261744976043701171875
0.016597528010606765747070312500
-0.091368012130260467529296875000
0.001419951091520488262176513672
0.079656265676021575927734375000
-0.015886900946497917175292968750
0.110194072127342224121093750000
-0.027920756489038467407226562500
0.007043796591460704803466796875
-0.006828884128481149673461914062
0.034914404153823852539062500000
0.039011456072330474853515625000
0.018299592658877372741699218750
-0.001369518227875232696533203125
-0.024444246664643287658691406250
-0.017543880268931388854980468750
-0.018490104004740715026855468750
-0.061068251729011535644531250000
0.006091506220400333404541015625
-0.012533165514469146728515625000
0.015822356566786766052246093750
-0.005741317290812730789184570312
0.039108131080865859985351562500
-0.088434569537639617919921875000
0.027552966028451919555664062500
0.015703381970524787902832031250
-0.010425033047795295715332031250
-0.060526184737682342529296875000
0.037131287157535552978515625000
0.050006639212369918823242187500
0.026176583021879196166992187500
-0.026283565908670425415039062500
0.105082452297210693359375000000
0.044581715017557144165039062500
-0.003523834282532334327697753906
0.042954508215188980102539062500
-0.000523296883329749107360839844
0.051703430712223052978515625000
-0.027471218258142471313476562500
0.002715781796723604202270507812
-0.022564917802810668945312500000
0.003430620767176151275634765625
0.022516539320349693298339843750
0.046508628875017166137695312500
0.071895293891429901123046875000
0.018562408164143562316894531250
0.083447836339473724365234375000
0.058233674615621566772460937500
-0.057480119168758392333984375000
-0.014553315937519073486328125000
-0.002561782486736774444580078125
-0.015038990415632724761962890625
-0.006383345462381839752197265625
0.008815385401248931884765625000
0.015632821246981620788574218750
