-0.20734949
-0.07944852
-0.06946765
0.09716991
0.07540880
-0.13890146
0.00411388
0.15020990
0.03862617
0.02590908
0.06654738
0.11142807
-0.11952797
-0.49088019
0.02585835
0.08461467
-0.07142211
-0.55999017
-0.06083234
-0.54237717
-0.24613166
0.19473112
-0.08165006
0.05403616
-0.67191708
0.01939428
-0.34220544
0.03932996
-0.15798463
-0.40503609
0.09857418
-1.41241801
0.25284329
-0.45551836
-0.11065216
-0.21845105
0.00876020
0.04237175
-0.28643709
-0.00083054
0.16031036
0.07903925
-0.20243837
-0.00397537
-0.96731532
-0.07152875
-0.11616942
-0.53681928
-0.00756066
-0.05998407
0.01981868
-0.41927949
0.02335232
-0.54037756
-0.44190028
-0.23499571
0.24095339
0.25391832
-1.11053574
-0.02645574
-0.13425818
0.01719770
-0.10624730
-1.05270100
