0.339847177267074584960937500000
0.160208135843276977539062500000
0.082145981490612030029296875000
0.607587575912475585937500000000
0.097080752253532409667968750000
0.056224033236503601074218750000
0.055752500891685485839843750000
0.053454596549272537231445312500
0.074685908854007720947265625000
0.109743349254131317138671875000
0.099740497767925262451171875000
0.063572786748409271240234375000
0.462699621915817260742187500000
0.357437849044799804687500000000
0.046342130750417709350585937500
0.625235021114349365234375000000
0.373067289590835571289062500000
0.079153500497341156005859375000
0.104362890124320983886718750000
0.046323422342538833618164062500
0.224466472864151000976562500000
0.116839349269866943359375000000
0.181637227535247802734375000000
0.010072556324303150177001953125
0.205119505524635314941406250000
0.083528429269790649414062500000
0.098944760859012603759765625000
0.179518818855285644531250000000
0.067201845347881317138671875000
0.098067313432693481445312500000
0.062126684933900833129882812500
0.136427775025367736816406250000
0.273007571697235107421875000000
0.126844450831413269042968750000
0.411282181739807128906250000000
0.087292052805423736572265625000
0.101306319236755371093750000000
0.022496171295642852783203125000
0.391883313655853271484375000000
0.070286542177200317382812500000
0.108596727252006530761718750000
0.073423005640506744384765625000
0.584036588668823242187500000000
0.101755745708942413330078125000
0.082458652555942535400390625000
0.021107712760567665100097656250
0.135471969842910766601562500000
0.247170984745025634765625000000
0.113009169697761535644531250000
0.119136653840541839599609375000
1.987812876701354980468750000000
0.104873634874820709228515625000
0.282326787710189819335937500000
0.169705495238304138183593750000
0.090211965143680572509765625000
0.102755405008792877197265625000
0.066754736006259918212890625000
0.086320318281650543212890625000
0.051737546920776367187500000000
0.053340356796979904174804687500
0.120134070515632629394531250000
0.258646875619888305664062500000
0.683428049087524414062500000000
0.142422080039978027343750000000
0.143508285284042358398437500000
0.997457027435302734375000000000
0.550457417964935302734375000000
0.133694633841514587402343750000
0.157162636518478393554687500000
0.621238827705383300781250000000
0.047647070139646530151367187500
0.092663712799549102783203125000
0.306391060352325439453125000000
0.081482589244842529296875000000
0.066941440105438232421875000000
0.055456116795539855957031250000
0.659975707530975341796875000000
0.053014460951089859008789062500
0.662280142307281494140625000000
0.024073092266917228698730468750
0.417467296123504638671875000000
0.130715876817703247070312500000
0.090963020920753479003906250000
0.841069221496582031250000000000
0.114755272865295410156250000000
0.183086052536964416503906250000
0.608811318874359130859375000000
0.092390075325965881347656250000
0.172394275665283203125000000000
0.146200582385063171386718750000
0.064895413815975189208984375000
0.034569978713989257812500000000
0.084933571517467498779296875000
0.105257727205753326416015625000
0.086908698081970214843750000000
0.274201214313507080078125000000
0.048136346042156219482421875000
0.098639041185379028320312500000
0.142051085829734802246093750000
0.096103169023990631103515625000
0.084194332361221313476562500000
0.131346210837364196777343750000
0.214244753122329711914062500000
0.175559803843498229980468750000
0.100772477686405181884765625000
0.071293860673904418945312500000
0.374168723821640014648437500000
0.132357984781265258789062500000
0.090274125337600708007812500000
0.675987422466278076171875000000
0.948587119579315185546875000000
0.032574102282524108886718750000
0.055987875908613204956054687500
0.200418904423713684082031250000
0.186143726110458374023437500000
0.065044961869716644287109375000
0.032850906252861022949218750000
0.097658991813659667968750000000
0.682516455650329589843750000000
0.430692285299301147460937500000
0.415879219770431518554687500000
0.136347800493240356445312500000
0.125283345580101013183593750000
0.208666205406188964843750000000
0.915292263031005859375000000000
0.288377285003662109375000000000
0.078040041029453277587890625000
0.115770705044269561767578125000
0.051840696483850479125976562500
0.037076890468597412109375000000
0.075923986732959747314453125000
1.019263744354248046875000000000
0.098656408488750457763671875000
0.871685802936553955078125000000
0.127770707011222839355468750000
0.110218293964862823486328125000
0.242964789271354675292968750000
0.262273192405700683593750000000
0.049362611025571823120117187500
0.082811310887336730957031250000
0.109461665153503417968750000000
0.174502685666084289550781250000
0.949241578578948974609375000000
0.594488084316253662109375000000
0.042706914246082305908203125000
0.152677714824676513671875000000
0.339696198701858520507812500000
0.124099403619766235351562500000
0.235918655991554260253906250000
0.236460953950881958007812500000
0.071847818791866302490234375000
0.087974891066551208496093750000
0.062680356204509735107421875000
0.057772185653448104858398437500
0.038548100739717483520507812500
0.460475414991378784179687500000
0.572899043560028076171875000000
0.027802726253867149353027343750
0.126305788755416870117187500000
0.380530178546905517578125000000
0.117297329008579254150390625000
0.847831130027770996093750000000
0.151206240057945251464843750000
0.076237581670284271240234375000
0.109209358692169189453125000000
0.134556874632835388183593750000
0.045826561748981475830078125000
0.196500107645988464355468750000
0.140736982226371765136718750000
0.113756611943244934082031250000
0.081260532140731811523437500000
0.186865523457527160644531250000
0.055188704282045364379882812500
0.060721263289451599121093750000
0.132299304008483886718750000000
0.052642013877630233764648437500
0.022221906110644340515136718750
0.115731045603752136230468750000
0.183499261736869812011718750000
0.099499456584453582763671875000
0.044114556163549423217773437500
0.111384272575378417968750000000
0.020966660231351852416992187500
0.069134637713432312011718750000
0.242536008358001708984375000000
0.131178826093673706054687500000
0.086817920207977294921875000000
0.040177825838327407836914062500
0.149723872542381286621093750000
0.049717355519533157348632812500
0.090939380228519439697265625000
0.078462012112140655517578125000
0.939451217651367187500000000000
0.475217789411544799804687500000
0.182300314307212829589843750000
0.707051992416381835937500000000
0.144609466195106506347656250000
0.346100509166717529296875000000
0.027111310511827468872070312500
0.060047294944524765014648437500
0.155668541789054870605468750000
0.104263581335544586181640625000
0.172003731131553649902343750000
0.086744941771030426025390625000
0.027202855795621871948242187500
0.069210506975650787353515625000
0.461419284343719482421875000000
0.080482408404350280761718750000
0.102653928101062774658203125000
0.207103237509727478027343750000
0.035146988928318023681640625000
0.032048165798187255859375000000
0.421171844005584716796875000000
0.084757745265960693359375000000
0.090656496584415435791015625000
0.041893884539604187011718750000
0.036014053970575332641601562500
0.166395366191864013671875000000
0.103975020349025726318359375000
0.028655607253313064575195312500
0.185946613550186157226562500000
0.399958878755569458007812500000
0.075714923441410064697265625000
0.300795286893844604492187500000
0.123840495944023132324218750000
0.094732783734798431396484375000
0.110592611134052276611328125000
0.077456407248973846435546875000
0.239699065685272216796875000000
0.238624632358551025390625000000
0.078613668680191040039062500000
0.074407450854778289794921875000
0.135203436017036437988281250000
0.479523897171020507812500000000
0.007715624291449785232543945312
0.417738288640975952148437500000
0.516967236995697021484375000000
0.701988518238067626953125000000
0.068384461104869842529296875000
0.029116980731487274169921875000
0.070119991898536682128906250000
0.648904383182525634765625000000
0.043536979705095291137695312500
0.082943074405193328857421875000
0.154212892055511474609375000000
0.032242693006992340087890625000
0.094750046730041503906250000000
0.174162015318870544433593750000
0.103069290518760681152343750000
1.330483555793762207031250000000
0.063157312572002410888671875000
0.844956755638122558593750000000
0.310371041297912597656250000000
0.378398716449737548828125000000
0.190090030431747436523437500000
0.042854461818933486938476562500
0.409205645322799682617187500000
0.255440145730972290039062500000
0.063975192606449127197265625000
0.032923318445682525634765625000
0.107085630297660827636718750000
0.050002522766590118408203125000
0.057016797363758087158203125000
0.157561182975769042968750000000
0.170664936304092407226562500000
0.111398205161094665527343750000
0.061631735414266586303710937500
0.079720214009284973144531250000
0.112307362258434295654296875000
0.622972488403320312500000000000
0.224358439445495605468750000000
0.053060509264469146728515625000
0.136288300156593322753906250000
0.092951841652393341064453125000
0.167382985353469848632812500000
0.071319900453090667724609375000
0.228489190340042114257812500000
0.043158464133739471435546875000
0.293643921613693237304687500000
0.115749143064022064208984375000
0.050049573183059692382812500000
0.235387519001960754394531250000
0.064545229077339172363281250000
0.094979435205459594726562500000
0.032621126621961593627929687500
0.257682621479034423828125000000
0.074799679219722747802734375000
1.087936639785766601562500000000
0.090458706021308898925781250000
0.687013030052185058593750000000
0.098246209323406219482421875000
0.055930178612470626831054687500
0.270163059234619140625000000000
0.063328094780445098876953125000
0.247451856732368469238281250000
0.080542244017124176025390625000
0.298319786787033081054687500000
0.025667397305369377136230468750
0.900169253349304199218750000000
0.069068506360054016113281250000
0.017798880115151405334472656250
0.180071800947189331054687500000
0.211605176329612731933593750000
0.229297772049903869628906250000
0.079226970672607421875000000000
0.173272743821144104003906250000
0.123919159173965454101562500000
0.040278628468513488769531250000
0.041023820638656616210937500000
0.071616359055042266845703125000
0.083359301090240478515625000000
0.089619189500808715820312500000
0.287886857986450195312500000000
0.026354558765888214111328125000
0.631313025951385498046875000000
0.023463955149054527282714843750
0.639186978340148925781250000000
0.134667783975601196289062500000
0.265155971050262451171875000000
0.109983302652835845947265625000
0.063149213790893554687500000000
0.405280381441116333007812500000
1.073825120925903320312500000000
0.081047624349594116210937500000
0.725686788558959960937500000000
0.080215051770210266113281250000
0.063832372426986694335937500000
0.134539335966110229492187500000
0.173628777265548706054687500000
0.233903184533119201660156250000
0.069459013640880584716796875000
0.105425648391246795654296875000
0.192119166254997253417968750000
0.088401272892951965332031250000
0.113979481160640716552734375000
0.674907445907592773437500000000
0.151600807905197143554687500000
0.339679807424545288085937500000
0.930037915706634521484375000000
0.138126239180564880371093750000
0.284691691398620605468750000000
0.163336649537086486816406250000
0.126298069953918457031250000000
0.131389394402503967285156250000
0.042749222368001937866210937500
0.097373954951763153076171875000
0.104387320578098297119140625000
0.271820336580276489257812500000
0.151027008891105651855468750000
0.209291175007820129394531250000
0.200780093669891357421875000000
0.097751028835773468017578125000
0.054886266589164733886718750000
0.064373254776000976562500000000
0.187004938721656799316406250000
0.064510866999626159667968750000
0.587755203247070312500000000000
0.028531899675726890563964843750
0.097657598555088043212890625000
0.961909353733062744140625000000
0.113964177668094635009765625000
0.131811052560806274414062500000
0.124233581125736236572265625000
0.083478733897209167480468750000
0.033373311161994934082031250000
0.237618193030357360839843750000
0.114975020289421081542968750000
0.951425671577453613281250000000
0.139483273029327392578125000000
0.012985638342797756195068359375
1.065798401832580566406250000000
0.097441688179969787597656250000
1.095207214355468750000000000000
1.098568320274353027343750000000
0.059051878750324249267578125000
0.217271938920021057128906250000
0.854045093059539794921875000000
0.081022128462791442871093750000
0.113168030977249145507812500000
0.189322873950004577636718750000
0.164795532822608947753906250000
0.121887698769569396972656250000
0.028880558907985687255859375000
0.092558816075325012207031250000
0.178029984235763549804687500000
0.097089238464832305908203125000
1.977832078933715820312500000000
0.610509097576141357421875000000
0.693223357200622558593750000000
0.269612044095993041992187500000
1.338900923728942871093750000000
0.071469046175479888916015625000
0.417438745498657226562500000000
0.754345297813415527343750000000
0.594122469425201416015625000000
0.201618239283561706542968750000
0.079006016254425048828125000000
0.013997487723827362060546875000
0.109759472310543060302734375000
0.072599962353706359863281250000
0.160642564296722412109375000000
0.388805925846099853515625000000
0.060000211000442504882812500000
0.568604409694671630859375000000
0.075397975742816925048828125000
0.118143729865550994873046875000
0.055358827114105224609375000000
0.056146100163459777832031250000
0.092501685023307800292968750000
0.212351039052009582519531250000
0.315414339303970336914062500000
0.091522455215454101562500000000
0.062372706830501556396484375000
0.076849780976772308349609375000
0.176471650600433349609375000000
0.147706791758537292480468750000
0.112808108329772949218750000000
0.493745237588882446289062500000
0.202673360705375671386718750000
0.161907255649566650390625000000
0.110156424343585968017578125000
0.040188480168581008911132812500
0.826450765132904052734375000000
1.822579741477966308593750000000
0.157127901911735534667968750000
0.889704048633575439453125000000
0.010111827403306961059570312500
0.164891272783279418945312500000
0.088663063943386077880859375000
0.076965294778347015380859375000
0.067430488765239715576171875000
0.168696671724319458007812500000
0.211743801832199096679687500000
0.024022914469242095947265625000
0.139355480670928955078125000000
0.066759794950485229492187500000
0.029136279597878456115722656250
0.101925477385520935058593750000
0.047849159687757492065429687500
0.673253953456878662109375000000
1.010726809501647949218750000000
0.018712846562266349792480468750
0.722874343395233154296875000000
0.050926893949508666992187500000
0.107219778001308441162109375000
0.034418623894453048706054687500
0.196066319942474365234375000000
0.110377781093120574951171875000
0.038902997970581054687500000000
0.058294083923101425170898437500
0.968356430530548095703125000000
0.090528130531311035156250000000
0.021812209859490394592285156250
0.901308357715606689453125000000
0.086836002767086029052734375000
0.124429352581501007080078125000
0.182085081934928894042968750000
0.068631365895271301269531250000
0.124942310154438018798828125000
1.196773767471313476562500000000
0.872316479682922363281250000000
0.225551113486289978027343750000
0.082725234329700469970703125000
0.695297360420227050781250000000
1.053124189376831054687500000000
0.034326523542404174804687500000
0.555938959121704101562500000000
0.085799425840377807617187500000
0.409841120243072509765625000000
0.129986807703971862792968750000
0.098662860691547393798828125000
0.184418499469757080078125000000
0.068926535546779632568359375000
0.024420591071248054504394531250
0.733624517917633056640625000000
0.100506134331226348876953125000
0.105666995048522949218750000000
0.079320259392261505126953125000
0.136742532253265380859375000000
0.051946997642517089843750000000
0.222329542040824890136718750000
0.889022171497344970703125000000
0.013224822469055652618408203125
0.149185091257095336914062500000
0.079469136893749237060546875000
0.084135010838508605957031250000
0.089263282716274261474609375000
0.307819366455078125000000000000
1.077047824859619140625000000000
0.392921686172485351562500000000
0.124450244009494781494140625000
1.816280722618103027343750000000
0.063766852021217346191406250000
0.067491367459297180175781250000
0.562990188598632812500000000000
0.109964698553085327148437500000
0.177923157811164855957031250000
0.056831996887922286987304687500
0.444605082273483276367187500000
0.156005457043647766113281250000
0.176663741469383239746093750000
0.139286279678344726562500000000
0.163812100887298583984375000000
0.762061893939971923828125000000
0.142192170023918151855468750000
0.607896625995635986328125000000
0.105907216668128967285156250000
2.072094202041625976562500000000
0.132159546017646789550781250000
0.278013229370117187500000000000
0.052328951656818389892578125000
0.038398515433073043823242187500
