0.683622062206268310546875000000
1.146915912628173828125000000000
1.358850240707397460937500000000
0.793211162090301513671875000000
0.842118680477142333984375000000
0.885040760040283203125000000000
0.316526710987091064453125000000
0.091648921370506286621093750000
0.627092778682708740234375000000
0.791292011737823486328125000000
1.104879617691040039062500000000
1.031803011894226074218750000000
0.720897376537322998046875000000
0.762893855571746826171875000000
0.210903316736221313476562500000
0.526437878608703613281250000000
0.848478794097900390625000000000
0.888478875160217285156250000000
0.700254142284393310546875000000
0.853752613067626953125000000000
1.198571443557739257812500000000
1.063165307044982910156250000000
0.892024993896484375000000000000
0.539934873580932617187500000000
0.154548674821853637695312500000
0.955209076404571533203125000000
0.867985963821411132812500000000
0.503924369812011718750000000000
0.768959343433380126953125000000
0.944873571395874023437500000000
1.122791886329650878906250000000
0.973761796951293945312500000000
0.818968713283538818359375000000
0.850340723991394042968750000000
0.745048105716705322265625000000
0.712930858135223388671875000000
0.759355247020721435546875000000
1.095849037170410156250000000000
0.868898808956146240234375000000
0.898226797580718994140625000000
0.847048580646514892578125000000
0.741709470748901367187500000000
0.946936249732971191406250000000
0.641471564769744873046875000000
0.669517815113067626953125000000
0.660642743110656738281250000000
0.915836811065673828125000000000
0.964466154575347900390625000000
0.766739428043365478515625000000
0.984733641147613525390625000000
0.020258087664842605590820312500
0.445680439472198486328125000000
0.593425273895263671875000000000
0.560670971870422363281250000000
1.189563989639282226562500000000
0.845934629440307617187500000000
1.422520279884338378906250000000
0.948186695575714111328125000000
0.997188687324523925781250000000
0.767412245273590087890625000000
0.605527281761169433593750000000
0.025649826973676681518554687500
0.376150250434875488281250000000
0.578362405300140380859375000000
0.839968323707580566406250000000
0.228705465793609619140625000000
0.094816617667675018310546875000
0.803658306598663330078125000000
0.656250298023223876953125000000
0.732274830341339111328125000000
0.836434423923492431640625000000
1.154580950736999511718750000000
1.065838456153869628906250000000
0.795146346092224121093750000000
0.260518163442611694335937500000
0.674951195716857910156250000000
0.659722387790679931640625000000
0.784644603729248046875000000000
0.702785432338714599609375000000
0.699802815914154052734375000000
0.801654696464538574218750000000
0.781700253486633300781250000000
1.015520691871643066406250000000
0.727642536163330078125000000000
1.261930704116821289062500000000
0.529419422149658203125000000000
0.859830915927886962890625000000
1.008933424949645996093750000000
0.898344278335571289062500000000
0.872471511363983154296875000000
0.855805099010467529296875000000
0.990270018577575683593750000000
0.662566065788269042968750000000
0.797645270824432373046875000000
0.849767982959747314453125000000
0.847447395324707031250000000000
1.035536289215087890625000000000
0.856051087379455566406250000000
0.829113423824310302734375000000
0.746536910533905029296875000000
0.582430958747863769531250000000
0.978098690509796142578125000000
0.777127027511596679687500000000
0.849264562129974365234375000000
0.690869510173797607421875000000
0.689890623092651367187500000000
0.608520448207855224609375000000
0.665683686733245849609375000000
0.850580692291259765625000000000
0.666500329971313476562500000000
0.094622619450092315673828125000
1.044695615768432617187500000000
0.587491750717163085937500000000
0.885735154151916503906250000000
0.992124021053314208984375000000
0.938535988330841064453125000000
0.690355837345123291015625000000
0.773743391036987304687500000000
0.660792946815490722656250000000
0.918821215629577636718750000000
0.748556256294250488281250000000
0.828310787677764892578125000000
0.337785363197326660156250000000
0.775357365608215332031250000000
1.084252357482910156250000000000
0.899475276470184326171875000000
0.950910508632659912109375000000
0.849261879920959472656250000000
0.730848908424377441406250000000
0.658575773239135742187500000000
0.693453073501586914062500000000
0.525077223777770996093750000000
0.870269536972045898437500000000
0.639232397079467773437500000000
1.115490555763244628906250000000
1.003649473190307617187500000000
0.712770342826843261718750000000
0.953741490840911865234375000000
0.889161348342895507812500000000
1.025245308876037597656250000000
1.061466693878173828125000000000
0.901422083377838134765625000000
0.564594924449920654296875000000
0.100803412497043609619140625000
0.782468855381011962890625000000
0.957245528697967529296875000000
0.778015732765197753906250000000
0.790402591228485107421875000000
0.723036468029022216796875000000
0.850999534130096435546875000000
0.425531744956970214843750000000
1.121120572090148925781250000000
0.895894110202789306640625000000
0.828368663787841796875000000000
0.609355866909027099609375000000
0.878663659095764160156250000000
0.742613792419433593750000000000
1.072816729545593261718750000000
0.679945170879364013671875000000
0.872487783432006835937500000000
0.777881622314453125000000000000
0.735709011554718017578125000000
0.737471878528594970703125000000
0.766703963279724121093750000000
1.050711989402770996093750000000
0.889021694660186767578125000000
1.161771535873413085937500000000
0.772371411323547363281250000000
0.644234955310821533203125000000
0.418054282665252685546875000000
0.922704756259918212890625000000
0.869849383831024169921875000000
1.185950994491577148437500000000
0.844843208789825439453125000000
1.000496149063110351562500000000
0.723915159702301025390625000000
0.979239642620086669921875000000
1.032543301582336425781250000000
0.332164406776428222656250000000
1.005708694458007812500000000000
0.703616738319396972656250000000
0.569144904613494873046875000000
0.602220058441162109375000000000
0.880051672458648681640625000000
0.733664810657501220703125000000
0.895505964756011962890625000000
0.988968133926391601562500000000
0.916197776794433593750000000000
0.884070217609405517578125000000
0.828183948993682861328125000000
0.751021027565002441406250000000
0.733492732048034667968750000000
0.039408799260854721069335937500
0.745166897773742675781250000000
0.697329998016357421875000000000
0.829591631889343261718750000000
0.646422624588012695312500000000
0.727233409881591796875000000000
0.778850615024566650390625000000
0.834826111793518066406250000000
1.314666032791137695312500000000
0.691790938377380371093750000000
0.997762024402618408203125000000
0.741510748863220214843750000000
0.774718821048736572265625000000
1.118860363960266113281250000000
0.778675317764282226562500000000
1.354511022567749023437500000000
0.750314831733703613281250000000
0.034051429480314254760742187500
0.698751032352447509765625000000
0.880456745624542236328125000000
0.025929406285285949707031250000
0.254733532667160034179687500000
0.988138616085052490234375000000
1.073588609695434570312500000000
0.947686374187469482421875000000
0.775150477886199951171875000000
0.861844837665557861328125000000
0.187824741005897521972656250000
0.962006509304046630859375000000
0.697741866111755371093750000000
1.104766964912414550781250000000
0.609803199768066406250000000000
0.733845889568328857421875000000
0.942100882530212402343750000000
1.200342416763305664062500000000
0.875025629997253417968750000000
0.478377908468246459960937500000
0.997942447662353515625000000000
1.009328603744506835937500000000
0.920124113559722900390625000000
0.851121306419372558593750000000
0.891105294227600097656250000000
0.736924946308135986328125000000
0.776155292987823486328125000000
0.592651724815368652343750000000
0.582678854465484619140625000000
0.149333298206329345703125000000
1.116266250610351562500000000000
0.881496667861938476562500000000
0.644123017787933349609375000000
1.074645757675170898437500000000
0.672560930252075195312500000000
0.863797366619110107421875000000
0.924874424934387207031250000000
0.914173245429992675781250000000
0.936398446559906005859375000000
0.628374814987182617187500000000
0.734218299388885498046875000000
0.811737537384033203125000000000
0.768814384937286376953125000000
0.783004879951477050781250000000
1.004496693611145019531250000000
0.700019836425781250000000000000
1.027825474739074707031250000000
0.551928222179412841796875000000
0.042314153164625167846679687500
0.976968407630920410156250000000
1.134330987930297851562500000000
0.751724421977996826171875000000
1.042721509933471679687500000000
0.830860257148742675781250000000
0.697459757328033447265625000000
0.848658859729766845703125000000
1.084567308425903320312500000000
0.663422226905822753906250000000
0.761760890483856201171875000000
0.951454281806945800781250000000
0.691403985023498535156250000000
0.579610705375671386718750000000
0.877980470657348632812500000000
0.852541267871856689453125000000
0.796593427658081054687500000000
1.098330020904541015625000000000
0.784721851348876953125000000000
0.756937980651855468750000000000
0.136537194252014160156250000000
0.437814772129058837890625000000
0.528601706027984619140625000000
0.966399431228637695312500000000
0.209405288100242614746093750000
0.795892477035522460937500000000
1.035446166992187500000000000000
0.844165325164794921875000000000
0.600658893585205078125000000000
0.934783697128295898437500000000
0.621261596679687500000000000000
1.031222105026245117187500000000
0.750072419643402099609375000000
0.471805810928344726562500000000
0.770091891288757324218750000000
0.778568506240844726562500000000
1.364653468132019042968750000000
0.870791256427764892578125000000
1.054877281188964843750000000000
0.602309107780456542968750000000
0.923049867153167724609375000000
0.856036126613616943359375000000
0.561700284481048583984375000000
1.109591603279113769531250000000
0.307212501764297485351562500000
1.086738705635070800781250000000
0.617782890796661376953125000000
0.909949302673339843750000000000
0.841128945350646972656250000000
1.162943363189697265625000000000
0.386026382446289062500000000000
0.713516294956207275390625000000
1.103315114974975585937500000000
0.800071418285369873046875000000
1.239428281784057617187500000000
0.835583627223968505859375000000
0.931529045104980468750000000000
0.758286654949188232421875000000
0.777612209320068359375000000000
0.787583589553833007812500000000
1.036202192306518554687500000000
0.741031169891357421875000000000
0.227109044790267944335937500000
0.895477652549743652343750000000
0.853360354900360107421875000000
0.830165982246398925781250000000
0.776723980903625488281250000000
0.662518501281738281250000000000
0.611214399337768554687500000000
0.639429271221160888671875000000
0.813366651535034179687500000000
0.554736614227294921875000000000
0.993759274482727050781250000000
0.778969943523406982421875000000
0.990967333316802978515625000000
0.949787855148315429687500000000
0.689730584621429443359375000000
0.864727556705474853515625000000
0.536741018295288085937500000000
0.709083020687103271484375000000
0.836725354194641113281250000000
0.702917039394378662109375000000
1.169315576553344726562500000000
0.796898961067199707031250000000
0.673019289970397949218750000000
0.757517576217651367187500000000
1.058286428451538085937500000000
0.234085112810134887695312500000
0.995453834533691406250000000000
1.015600442886352539062500000000
0.708005428314208984375000000000
0.746205091476440429687500000000
0.804077267646789550781250000000
0.670335054397583007812500000000
0.814058125019073486328125000000
1.052366256713867187500000000000
1.180765867233276367187500000000
0.772256135940551757812500000000
0.559122920036315917968750000000
0.294019848108291625976562500000
0.857526302337646484375000000000
1.154931426048278808593750000000
0.720088958740234375000000000000
0.726538598537445068359375000000
1.104431867599487304687500000000
0.888902962207794189453125000000
0.863487780094146728515625000000
1.068350911140441894531250000000
0.929189682006835937500000000000
0.618292033672332763671875000000
0.716331183910369873046875000000
0.641049385070800781250000000000
0.507856667041778564453125000000
0.585808873176574707031250000000
0.937138080596923828125000000000
0.765409708023071289062500000000
0.544406890869140625000000000000
0.525420427322387695312500000000
0.889957189559936523437500000000
0.860611975193023681640625000000
1.041954398155212402343750000000
0.921854376792907714843750000000
0.802611589431762695312500000000
0.890212595462799072265625000000
0.706511735916137695312500000000
1.113534927368164062500000000000
0.847471237182617187500000000000
0.634134769439697265625000000000
0.861737072467803955078125000000
0.626983642578125000000000000000
0.548236548900604248046875000000
0.662478268146514892578125000000
0.643232345581054687500000000000
0.039184689521789550781250000000
0.549160301685333251953125000000
0.802084267139434814453125000000
0.782221436500549316406250000000
0.658546388149261474609375000000
0.748276650905609130859375000000
1.063896894454956054687500000000
0.777347207069396972656250000000
0.789942622184753417968750000000
1.145271658897399902343750000000
0.817337155342102050781250000000
0.609283626079559326171875000000
0.720715522766113281250000000000
0.192059308290481567382812500000
0.994650244712829589843750000000
0.784650862216949462890625000000
0.657467961311340332031250000000
0.846237361431121826171875000000
1.195371627807617187500000000000
0.690298616886138916015625000000
0.719147980213165283203125000000
0.829524815082550048828125000000
0.937123715877532958984375000000
0.644976973533630371093750000000
0.886278152465820312500000000000
0.847930788993835449218750000000
0.918979108333587646484375000000
0.958031117916107177734375000000
0.596533358097076416015625000000
0.623935103416442871093750000000
0.535093247890472412109375000000
0.474480062723159790039062500000
0.774941325187683105468750000000
0.012859255075454711914062500000
0.760365903377532958984375000000
0.057447940111160278320312500000
0.587543606758117675781250000000
0.945920050144195556640625000000
0.951481759548187255859375000000
0.690639972686767578125000000000
1.050533413887023925781250000000
0.928212344646453857421875000000
0.689056813716888427734375000000
0.720108091831207275390625000000
0.740738272666931152343750000000
0.391684323549270629882812500000
0.718648195266723632812500000000
0.684778630733489990234375000000
0.837015330791473388671875000000
0.523910284042358398437500000000
0.675022482872009277343750000000
0.355086207389831542968750000000
0.813474059104919433593750000000
0.834291815757751464843750000000
0.881066918373107910156250000000
1.186915516853332519531250000000
0.709214746952056884765625000000
0.345930159091949462890625000000
0.833854556083679199218750000000
0.925940990447998046875000000000
0.828291475772857666015625000000
0.933182895183563232421875000000
0.808596312999725341796875000000
0.054159324616193771362304687500
0.773148834705352783203125000000
0.719444096088409423828125000000
0.491242766380310058593750000000
0.751646995544433593750000000000
0.794246912002563476562500000000
0.774999976158142089843750000000
0.738387584686279296875000000000
0.742277741432189941406250000000
1.031623959541320800781250000000
0.830396890640258789062500000000
0.633356451988220214843750000000
1.068824052810668945312500000000
0.832440197467803955078125000000
0.886545598506927490234375000000
0.671383559703826904296875000000
0.662920057773590087890625000000
0.804166913032531738281250000000
0.565481305122375488281250000000
0.774726986885070800781250000000
0.588592290878295898437500000000
0.878570318222045898437500000000
0.536647260189056396484375000000
0.822816848754882812500000000000
0.829315066337585449218750000000
0.582256674766540527343750000000
0.889642179012298583984375000000
0.981462955474853515625000000000
0.742733001708984375000000000000
0.980665922164916992187500000000
0.825974762439727783203125000000
0.866295099258422851562500000000
0.785741746425628662109375000000
1.152032256126403808593750000000
0.861636519432067871093750000000
0.568964004516601562500000000000
0.816300570964813232421875000000
0.929897129535675048828125000000
0.012740143574774265289306640625
0.881914496421813964843750000000
0.771859049797058105468750000000
0.407638281583786010742187500000
0.777510821819305419921875000000
0.761403143405914306640625000000
0.693109154701232910156250000000
0.770765781402587890625000000000
0.944509088993072509765625000000
0.809259474277496337890625000000
0.968116879463195800781250000000
0.799600899219512939453125000000
0.849065601825714111328125000000
1.028715014457702636718750000000
0.780907392501831054687500000000
1.072423815727233886718750000000
0.027089038863778114318847656250
0.773314177989959716796875000000
0.935130000114440917968750000000
0.928657174110412597656250000000
0.850410521030426025390625000000
