1.027868032455444335937500000000
1.103191852569580078125000000000
0.762167334556579589843750000000
0.980360925197601318359375000000
0.976351022720336914062500000000
1.325138807296752929687500000000
1.107165575027465820312500000000
0.904947102069854736328125000000
0.937954843044281005859375000000
0.912168085575103759765625000000
0.683311402797698974609375000000
1.364052176475524902343750000000
1.066503047943115234375000000000
0.947556257247924804687500000000
1.272779941558837890625000000000
1.155820608139038085937500000000
1.003602147102355957031250000000
0.691306054592132568359375000000
1.231949925422668457031250000000
1.280460000038146972656250000000
1.080569744110107421875000000000
0.891614198684692382812500000000
0.853550016880035400390625000000
1.032701015472412109375000000000
1.007398843765258789062500000000
1.016161561012268066406250000000
0.656581521034240722656250000000
0.508198916912078857421875000000
1.131738901138305664062500000000
0.884424686431884765625000000000
0.576397895812988281250000000000
0.413221120834350585937500000000
0.789953887462615966796875000000
0.952453494071960449218750000000
1.148309469223022460937500000000
0.846107661724090576171875000000
0.903372108936309814453125000000
0.340972214937210083007812500000
0.893660783767700195312500000000
0.897146463394165039062500000000
1.326210141181945800781250000000
0.898176074028015136718750000000
0.909348249435424804687500000000
1.209243655204772949218750000000
1.053058147430419921875000000000
0.708786725997924804687500000000
0.926490664482116699218750000000
0.999419331550598144531250000000
0.858315587043762207031250000000
0.492798864841461181640625000000
0.899216890335083007812500000000
1.091235995292663574218750000000
0.881350815296173095703125000000
0.845017731189727783203125000000
0.959532201290130615234375000000
0.959176540374755859375000000000
0.440933972597122192382812500000
1.148316383361816406250000000000
1.171544551849365234375000000000
0.977072954177856445312500000000
0.751754403114318847656250000000
0.687242984771728515625000000000
1.168217062950134277343750000000
1.439124226570129394531250000000
1.062606096267700195312500000000
1.075447559356689453125000000000
0.880466222763061523437500000000
1.186111807823181152343750000000
0.895910382270812988281250000000
0.925365030765533447265625000000
0.614781975746154785156250000000
0.656849741935729980468750000000
0.948056161403656005859375000000
0.934323012828826904296875000000
0.468026608228683471679687500000
1.126881718635559082031250000000
0.971909523010253906250000000000
1.157302618026733398437500000000
0.348854780197143554687500000000
1.083531856536865234375000000000
0.886506736278533935546875000000
1.022840023040771484375000000000
1.365638017654418945312500000000
0.801274538040161132812500000000
0.816752016544342041015625000000
0.920102775096893310546875000000
0.958791434764862060546875000000
1.267415046691894531250000000000
0.945249080657958984375000000000
0.764212191104888916015625000000
1.074741601943969726562500000000
1.067688584327697753906250000000
1.117469310760498046875000000000
0.982904613018035888671875000000
0.458057314157485961914062500000
0.598921477794647216796875000000
0.758518338203430175781250000000
1.020077824592590332031250000000
0.895226955413818359375000000000
0.641096532344818115234375000000
1.121540665626525878906250000000
0.801646947860717773437500000000
1.053689002990722656250000000000
0.789603173732757568359375000000
0.921680927276611328125000000000
0.593079090118408203125000000000
0.872646152973175048828125000000
0.767248034477233886718750000000
0.963963508605957031250000000000
1.031488180160522460937500000000
1.141151905059814453125000000000
0.908704578876495361328125000000
0.695539355278015136718750000000
0.863594114780426025390625000000
0.934973776340484619140625000000
0.229312658309936523437500000000
1.048727154731750488281250000000
0.842336177825927734375000000000
1.136240005493164062500000000000
0.886917054653167724609375000000
0.869327485561370849609375000000
1.046874523162841796875000000000
0.746009051799774169921875000000
1.143662929534912109375000000000
0.806048870086669921875000000000
0.969991862773895263671875000000
0.938382446765899658203125000000
0.906624615192413330078125000000
1.837812066078186035156250000000
0.675515890121459960937500000000
1.045235037803649902343750000000
1.138927459716796875000000000000
0.633689522743225097656250000000
0.953541874885559082031250000000
1.155782938003540039062500000000
0.934990644454956054687500000000
0.482309252023696899414062500000
0.518926441669464111328125000000
1.098366379737854003906250000000
0.566747605800628662109375000000
0.957868337631225585937500000000
1.095021486282348632812500000000
0.583827316761016845703125000000
0.838756024837493896484375000000
1.159401535987854003906250000000
1.457376360893249511718750000000
1.091116189956665039062500000000
1.075140833854675292968750000000
1.091770172119140625000000000000
0.854531764984130859375000000000
1.367581129074096679687500000000
1.193312525749206542968750000000
0.856412351131439208984375000000
0.953660368919372558593750000000
0.904089391231536865234375000000
0.775925815105438232421875000000
1.052972674369812011718750000000
1.253074645996093750000000000000
0.971375107765197753906250000000
0.832104384899139404296875000000
0.650509059429168701171875000000
0.880869448184967041015625000000
0.864619910717010498046875000000
0.962572157382965087890625000000
1.061700701713562011718750000000
0.630426645278930664062500000000
1.138682007789611816406250000000
0.977694869041442871093750000000
0.959453642368316650390625000000
1.051994442939758300781250000000
1.013245105743408203125000000000
1.095404386520385742187500000000
0.923739731311798095703125000000
1.228222012519836425781250000000
0.930546522140502929687500000000
1.210165381431579589843750000000
0.728591501712799072265625000000
1.002778768539428710937500000000
0.765405952930450439453125000000
1.243289232254028320312500000000
0.842970252037048339843750000000
1.242146253585815429687500000000
0.535805165767669677734375000000
1.243489146232604980468750000000
0.787196815013885498046875000000
0.980451583862304687500000000000
1.161465167999267578125000000000
0.871935725212097167968750000000
1.121405959129333496093750000000
0.891435921192169189453125000000
0.903954803943634033203125000000
0.820581555366516113281250000000
0.796800255775451660156250000000
0.981423616409301757812500000000
1.163690090179443359375000000000
0.781065285205841064453125000000
1.095420122146606445312500000000
0.857720077037811279296875000000
0.979067921638488769531250000000
1.174798369407653808593750000000
1.219345688819885253906250000000
0.635553717613220214843750000000
0.885832667350769042968750000000
0.946599066257476806640625000000
0.873612225055694580078125000000
1.069698095321655273437500000000
0.748997271060943603515625000000
0.881943106651306152343750000000
0.898860573768615722656250000000
0.824589610099792480468750000000
1.373331427574157714843750000000
1.002508521080017089843750000000
0.709101676940917968750000000000
1.019717454910278320312500000000
1.100245237350463867187500000000
0.592073440551757812500000000000
0.758869409561157226562500000000
0.504754066467285156250000000000
0.652056992053985595703125000000
0.961282312870025634765625000000
0.775928199291229248046875000000
0.971548736095428466796875000000
0.950021624565124511718750000000
1.026410818099975585937500000000
0.968985795974731445312500000000
0.961268544197082519531250000000
1.027495265007019042968750000000
0.855670034885406494140625000000
0.859161615371704101562500000000
1.108562111854553222656250000000
1.095114350318908691406250000000
1.033556818962097167968750000000
0.958643376827239990234375000000
0.965308248996734619140625000000
0.806253850460052490234375000000
0.913828253746032714843750000000
0.852082490921020507812500000000
0.744922459125518798828125000000
0.960036635398864746093750000000
1.009411215782165527343750000000
0.883847296237945556640625000000
0.839537918567657470703125000000
1.342554688453674316406250000000
0.784724533557891845703125000000
0.913843274116516113281250000000
0.854667186737060546875000000000
1.255356907844543457031250000000
1.192476630210876464843750000000
1.118605732917785644531250000000
0.579819679260253906250000000000
1.015135645866394042968750000000
1.146017432212829589843750000000
0.900347292423248291015625000000
0.935724854469299316406250000000
1.182557463645935058593750000000
0.882424771785736083984375000000
1.115403175354003906250000000000
0.990402102470397949218750000000
0.993900775909423828125000000000
0.939285755157470703125000000000
0.819044589996337890625000000000
0.869395077228546142578125000000
0.995337069034576416015625000000
0.961900174617767333984375000000
0.564581692218780517578125000000
1.041281461715698242187500000000
0.889318346977233886718750000000
0.777566313743591308593750000000
1.125160455703735351562500000000
0.416336178779602050781250000000
0.993404388427734375000000000000
1.134425282478332519531250000000
1.001014590263366699218750000000
0.460591673851013183593750000000
0.535659670829772949218750000000
1.058522224426269531250000000000
1.041087746620178222656250000000
1.195652484893798828125000000000
0.730236887931823730468750000000
0.973360061645507812500000000000
1.165285110473632812500000000000
0.516261041164398193359375000000
0.704890906810760498046875000000
0.987922310829162597656250000000
1.223215222358703613281250000000
0.743173539638519287109375000000
0.659088432788848876953125000000
0.319630295038223266601562500000
0.988033652305603027343750000000
0.854239881038665771484375000000
1.406102895736694335937500000000
1.044711828231811523437500000000
1.095611453056335449218750000000
0.922808170318603515625000000000
0.914702653884887695312500000000
0.787484228610992431640625000000
1.244376540184020996093750000000
0.598389506340026855468750000000
0.936120450496673583984375000000
0.710402369499206542968750000000
0.793760955333709716796875000000
0.962488412857055664062500000000
1.072703957557678222656250000000
0.530473530292510986328125000000
0.595115780830383300781250000000
0.944797456264495849609375000000
0.651008665561676025390625000000
0.801126003265380859375000000000
0.973245680332183837890625000000
0.929918944835662841796875000000
0.960774362087249755859375000000
0.701284110546112060546875000000
0.880402207374572753906250000000
1.012150287628173828125000000000
0.731150567531585693359375000000
1.131691455841064453125000000000
0.874589741230010986328125000000
1.008189082145690917968750000000
0.648066222667694091796875000000
1.152768731117248535156250000000
1.048894643783569335937500000000
0.753556966781616210937500000000
0.951151847839355468750000000000
1.018724679946899414062500000000
0.304180264472961425781250000000
0.263177216053009033203125000000
0.931676387786865234375000000000
0.984537124633789062500000000000
0.718275368213653564453125000000
0.991163730621337890625000000000
0.942824780941009521484375000000
0.620911657810211181640625000000
1.205101847648620605468750000000
0.717315495014190673828125000000
0.868357241153717041015625000000
1.226590991020202636718750000000
0.949537813663482666015625000000
0.891888022422790527343750000000
1.471559286117553710937500000000
0.873098671436309814453125000000
1.255572915077209472656250000000
0.714069306850433349609375000000
0.960238575935363769531250000000
0.937333583831787109375000000000
0.971850156784057617187500000000
0.914964497089385986328125000000
0.861581265926361083984375000000
0.721949517726898193359375000000
0.714436590671539306640625000000
0.973400235176086425781250000000
1.175037264823913574218750000000
1.218662858009338378906250000000
0.963189125061035156250000000000
0.374726027250289916992187500000
0.627162933349609375000000000000
1.009272456169128417968750000000
1.031832098960876464843750000000
1.068645477294921875000000000000
0.977321505546569824218750000000
1.137779116630554199218750000000
0.850357174873352050781250000000
1.139317750930786132812500000000
0.383211284875869750976562500000
0.780288279056549072265625000000
0.996704638004302978515625000000
0.976303160190582275390625000000
1.081218361854553222656250000000
1.105814814567565917968750000000
0.810586690902709960937500000000
0.914996743202209472656250000000
0.885469257831573486328125000000
0.867544591426849365234375000000
1.152760744094848632812500000000
0.720679461956024169921875000000
0.949639260768890380859375000000
0.893543303012847900390625000000
0.839937746524810791015625000000
0.961755454540252685546875000000
0.838412404060363769531250000000
1.349419832229614257812500000000
1.430925726890563964843750000000
0.941382467746734619140625000000
0.640234112739562988281250000000
0.851127803325653076171875000000
0.995106339454650878906250000000
0.934209883213043212890625000000
0.887918531894683837890625000000
1.082400560379028320312500000000
0.958727300167083740234375000000
0.687373578548431396484375000000
0.972845196723937988281250000000
0.995183289051055908203125000000
0.999776482582092285156250000000
0.777946591377258300781250000000
1.142943859100341796875000000000
0.984106481075286865234375000000
0.868118643760681152343750000000
1.000228643417358398437500000000
0.934092402458190917968750000000
0.823217213153839111328125000000
1.067579984664916992187500000000
1.247649788856506347656250000000
1.003477096557617187500000000000
0.942274451255798339843750000000
0.500274837017059326171875000000
1.009612083435058593750000000000
1.144320964813232421875000000000
1.249132871627807617187500000000
0.682212531566619873046875000000
0.473810553550720214843750000000
0.975069820880889892578125000000
0.797374308109283447265625000000
0.924455583095550537109375000000
1.163392543792724609375000000000
0.916058063507080078125000000000
0.874059259891510009765625000000
0.949154913425445556640625000000
1.077653765678405761718750000000
0.937554538249969482421875000000
0.955370724201202392578125000000
0.878446936607360839843750000000
1.316737771034240722656250000000
0.970329821109771728515625000000
1.073473215103149414062500000000
0.978749990463256835937500000000
0.926139533519744873046875000000
0.969763696193695068359375000000
0.628573119640350341796875000000
0.458292156457901000976562500000
0.854042589664459228515625000000
0.871783435344696044921875000000
1.077515125274658203125000000000
0.846814632415771484375000000000
1.002990484237670898437500000000
0.978583514690399169921875000000
1.395323395729064941406250000000
0.889778077602386474609375000000
0.660082995891571044921875000000
1.072644233703613281250000000000
0.795103549957275390625000000000
0.882576644420623779296875000000
0.807827770709991455078125000000
0.810440301895141601562500000000
0.688638567924499511718750000000
0.765873908996582031250000000000
0.853547692298889160156250000000
0.953185617923736572265625000000
0.960017144680023193359375000000
0.910853564739227294921875000000
1.188253402709960937500000000000
1.050517082214355468750000000000
0.854913294315338134765625000000
0.777335584163665771484375000000
1.105208516120910644531250000000
0.713228166103363037109375000000
0.767855525016784667968750000000
1.170935750007629394531250000000
0.789503514766693115234375000000
1.113112688064575195312500000000
0.951945841312408447265625000000
1.139319419860839843750000000000
0.849956035614013671875000000000
1.135782599449157714843750000000
0.907610237598419189453125000000
0.864821135997772216796875000000
0.948265194892883300781250000000
0.799767494201660156250000000000
1.594254970550537109375000000000
0.780817568302154541015625000000
1.102807760238647460937500000000
1.135036706924438476562500000000
0.909016609191894531250000000000
1.173204064369201660156250000000
0.577789247035980224609375000000
0.982435345649719238281250000000
0.658659696578979492187500000000
1.218483686447143554687500000000
0.885737180709838867187500000000
0.519329726696014404296875000000
1.024578809738159179687500000000
0.975731968879699707031250000000
0.868588030338287353515625000000
0.938033044338226318359375000000
1.083803653717041015625000000000
0.733435034751892089843750000000
1.150016069412231445312500000000
0.767357647418975830078125000000
0.572425425052642822265625000000
0.517797112464904785156250000000
1.086548686027526855468750000000
0.731456696987152099609375000000
1.144709587097167968750000000000
1.241648077964782714843750000000
0.868157327175140380859375000000
0.672746241092681884765625000000
1.179089784622192382812500000000
0.761934161186218261718750000000
1.104479908943176269531250000000
0.828235030174255371093750000000
0.877164363861083984375000000000
1.006243944168090820312500000000
1.097445964813232421875000000000
0.746625900268554687500000000000
1.084672570228576660156250000000
1.213956832885742187500000000000
0.882053554058074951171875000000
0.960581541061401367187500000000
0.862337112426757812500000000000
0.730478703975677490234375000000
1.210790276527404785156250000000
1.005310177803039550781250000000
0.988180994987487792968750000000
