3.546162605285644531250000000000
4.827981472015380859375000000000
2.547196626663208007812500000000
4.395329475402832031250000000000
1.777450203895568847656250000000
1.232929468154907226562500000000
0.984771728515625000000000000000
0.854223191738128662109375000000
1.418267607688903808593750000000
2.688075304031372070312500000000
2.617362976074218750000000000000
1.389797687530517578125000000000
6.723809242248535156250000000000
2.864593744277954101562500000000
0.598070263862609863281250000000
3.799879789352416992187500000000
4.260601997375488281250000000000
1.798572182655334472656250000000
2.348795890808105468750000000000
1.156356215476989746093750000000
7.243605136871337890625000000000
3.075909852981567382812500000000
3.729138851165771484375000000000
0.240426823496818542480468750000
2.836837768554687500000000000000
1.837866425514221191406250000000
1.910349488258361816406250000000
1.159661531448364257812500000000
1.264545798301696777343750000000
1.175950288772583007812500000000
1.922836065292358398437500000000
3.562916278839111328125000000000
3.161996841430664062500000000000
2.936791658401489257812500000000
2.796325445175170898437500000000
2.038635969161987304687500000000
2.196203470230102539062500000000
0.533677339553833007812500000000
5.948567390441894531250000000000
1.286668062210083007812500000000
2.409863710403442382812500000000
1.281287431716918945312500000000
3.729777574539184570312500000000
2.583119630813598632812500000000
1.913887023925781250000000000000
0.426056355237960815429687500000
3.530987501144409179687500000000
6.557452201843261718750000000000
2.418442964553833007812500000000
2.990644216537475585937500000000
24.564996719360351562500000000000
2.410354614257812500000000000000
4.774109840393066406250000000000
1.055465221405029296875000000000
2.960592269897460937500000000000
2.053089141845703125000000000000
2.037808179855346679687500000000
1.849966049194335937500000000000
1.287740230560302734375000000000
1.300251603126525878906250000000
2.206335067749023437500000000000
3.271402835845947265625000000000
2.080352783203125000000000000000
3.496517419815063476562500000000
3.908015489578247070312500000000
2.905149936676025390625000000000
10.585234642028808593750000000000
2.971862077713012695312500000000
3.431963682174682617187500000000
3.094120502471923828125000000000
0.853746294975280761718750000000
2.756935596466064453125000000000
5.974853992462158203125000000000
1.702156424522399902343750000000
0.890524864196777343750000000000
1.126228213310241699218750000000
7.973143577575683593750000000000
1.052243709564208984375000000000
8.578559875488281250000000000000
0.499403208494186401367187500000
6.004404067993164062500000000000
2.979971647262573242187500000000
2.066102504730224609375000000000
5.649987220764160156250000000000
4.146950721740722656250000000000
1.248677372932434082031250000000
4.700366020202636718750000000000
2.035323858261108398437500000000
2.190848827362060546875000000000
3.726522684097290039062500000000
0.978227615356445312500000000000
0.721818745136260986328125000000
1.988129734992980957031250000000
2.385317802429199218750000000000
2.184767484664916992187500000000
5.515190124511718750000000000000
0.996987581253051757812500000000
2.253563880920410156250000000000
3.283103704452514648437500000000
1.956134319305419921875000000000
1.657536506652832031250000000000
3.455439567565917968750000000000
4.187128067016601562500000000000
4.110826969146728515625000000000
1.156754851341247558593750000000
1.351614117622375488281250000000
8.195549964904785156250000000000
2.899164676666259765625000000000
2.742044448852539062500000000000
5.499667644500732421875000000000
18.151115417480468750000000000000
0.838549315929412841796875000000
0.953312575817108154296875000000
4.595695972442626953125000000000
3.885288238525390625000000000000
1.954567551612854003906250000000
0.840883791446685791015625000000
1.755470752716064453125000000000
2.991277694702148437500000000000
2.963544130325317382812500000000
3.262698650360107421875000000000
2.804874658584594726562500000000
1.745470523834228515625000000000
3.061545133590698242187500000000
10.474412918090820312500000000000
2.091042280197143554687500000000
2.100987195968627929687500000000
2.923861265182495117187500000000
0.823426306247711181640625000000
0.864295721054077148437500000000
1.890258550643920898437500000000
2.685226440429687500000000000000
2.698008298873901367187500000000
5.054377079010009765625000000000
4.178674697875976562500000000000
3.238679409027099609375000000000
5.623121261596679687500000000000
3.789279460906982421875000000000
0.917391419410705566406250000000
2.199473381042480468750000000000
2.575179338455200195312500000000
4.275268554687500000000000000000
1.348062634468078613281250000000
8.622113227844238281250000000000
0.783549427986145019531250000000
4.341199874877929687500000000000
2.918130636215209960937500000000
3.258472681045532226562500000000
4.813786983489990234375000000000
6.491074562072753906250000000000
1.384501338005065917968750000000
2.996535778045654296875000000000
1.356246590614318847656250000000
1.080721855163574218750000000000
0.894479215145111083984375000000
4.357263088226318359375000000000
5.875927925109863281250000000000
0.809804379940032958984375000000
2.215097427368164062500000000000
10.225075721740722656250000000000
2.334661960601806640625000000000
6.547955989837646484375000000000
2.491710186004638671875000000000
1.359840750694274902343750000000
3.366171836853027343750000000000
3.172250032424926757812500000000
1.415798425674438476562500000000
4.076888561248779296875000000000
3.599167108535766601562500000000
2.164115667343139648437500000000
2.505027770996093750000000000000
3.884325504302978515625000000000
1.455119609832763671875000000000
1.375027179718017578125000000000
1.141579627990722656250000000000
1.088421583175659179687500000000
0.497920274734497070312500000000
2.436513900756835937500000000000
3.977349758148193359375000000000
2.897686004638671875000000000000
0.911416590213775634765625000000
1.626155614852905273437500000000
0.547425866127014160156250000000
1.839325666427612304687500000000
4.468346595764160156250000000000
3.507277965545654296875000000000
2.309870004653930664062500000000
1.175573348999023437500000000000
2.508738756179809570312500000000
1.065801382064819335937500000000
1.954989194869995117187500000000
1.603426575660705566406250000000
15.146884918212890625000000000000
1.322521567344665527343750000000
3.424077749252319335937500000000
3.452636003494262695312500000000
0.609116375446319580078125000000
4.048229694366455078125000000000
0.680525779724121093750000000000
1.154855966567993164062500000000
4.739567279815673828125000000000
2.228401184082031250000000000000
1.875356554985046386718750000000
1.785936832427978515625000000000
0.647481024265289306640625000000
1.670254349708557128906250000000
7.566590309143066406250000000000
2.187969923019409179687500000000
2.139066934585571289062500000000
2.638609647750854492187500000000
0.687429010868072509765625000000
0.721820592880249023437500000000
5.684946060180664062500000000000
1.319403052330017089843750000000
2.131117820739746093750000000000
0.973222672939300537109375000000
0.941668987274169921875000000000
3.333244800567626953125000000000
2.056527614593505859375000000000
0.343458354473114013671875000000
3.181145668029785156250000000000
3.428917407989501953125000000000
1.858565926551818847656250000000
2.040080785751342773437500000000
2.581278800964355468750000000000
2.674445152282714843750000000000
3.506889581680297851562500000000
1.904331564903259277343750000000
4.500227928161621093750000000000
5.528909206390380859375000000000
1.961455583572387695312500000000
1.531154870986938476562500000000
3.179839372634887695312500000000
6.465920448303222656250000000000
0.179067775607109069824218750000
3.442756891250610351562500000000
2.207389593124389648437500000000
19.317459106445312500000000000000
0.940891563892364501953125000000
0.783310949802398681640625000000
1.613574862480163574218750000000
6.134674549102783203125000000000
1.213871002197265625000000000000
1.796199679374694824218750000000
3.961676597595214843750000000000
0.745822370052337646484375000000
2.214965820312500000000000000000
2.065635681152343750000000000000
2.063644647598266601562500000000
6.840604782104492187500000000000
1.132960796356201171875000000000
4.795980930328369140625000000000
3.457582473754882812500000000000
9.414437294006347656250000000000
1.648141264915466308593750000000
1.307080745697021484375000000000
8.127903938293457031250000000000
3.062216758728027343750000000000
1.960177540779113769531250000000
0.814446568489074707031250000000
1.596476554870605468750000000000
1.211400151252746582031250000000
1.294622540473937988281250000000
2.365002155303955078125000000000
4.011966228485107421875000000000
3.436962842941284179687500000000
1.442475080490112304687500000000
1.632830023765563964843750000000
2.632006168365478515625000000000
2.913901329040527343750000000000
4.485857963562011718750000000000
1.393161773681640625000000000000
4.358600616455078125000000000000
1.777822971343994140625000000000
3.149981260299682617187500000000
1.701522827148437500000000000000
4.881367683410644531250000000000
0.462215512990951538085937500000
2.362750768661499023437500000000
2.534787654876708984375000000000
1.692123413085937500000000000000
1.230366110801696777343750000000
1.341391324996948242187500000000
1.860364317893981933593750000000
0.995044231414794921875000000000
5.242932796478271484375000000000
1.689716577529907226562500000000
3.487237453460693359375000000000
2.686329126358032226562500000000
4.534768581390380859375000000000
2.365462779998779296875000000000
1.222199797630310058593750000000
4.148028373718261718750000000000
2.540596246719360351562500000000
4.705889225006103515625000000000
1.518056750297546386718750000000
4.952691078186035156250000000000
0.547843754291534423828125000000
3.108987331390380859375000000000
1.435187339782714843750000000000
0.509512901306152343750000000000
3.195955991744995117187500000000
2.445078849792480468750000000000
2.980246543884277343750000000000
1.788581848144531250000000000000
4.201308250427246093750000000000
4.574578285217285156250000000000
0.919913589954376220703125000000
0.669356048107147216796875000000
2.175014972686767578125000000000
1.904289245605468750000000000000
3.190426111221313476562500000000
5.433747768402099609375000000000
0.799832224845886230468750000000
5.432116985321044921875000000000
0.620933592319488525390625000000
7.907741069793701171875000000000
4.241350650787353515625000000000
4.237099170684814453125000000000
1.826252341270446777343750000000
1.498958468437194824218750000000
5.895246505737304687500000000000
6.915928840637207031250000000000
1.881612062454223632812500000000
5.146873474121093750000000000000
1.607751607894897460937500000000
1.441812396049499511718750000000
4.190945148468017578125000000000
3.426650047302246093750000000000
5.730869293212890625000000000000
1.441155791282653808593750000000
2.047760725021362304687500000000
5.575099468231201171875000000000
1.512606620788574218750000000000
2.627127885818481445312500000000
3.815858364105224609375000000000
1.258288979530334472656250000000
3.099549055099487304687500000000
5.666008949279785156250000000000
5.417979240417480468750000000000
2.347281932830810546875000000000
2.407524585723876953125000000000
2.658708572387695312500000000000
4.096695899963378906250000000000
0.684875726699829101562500000000
2.561840772628784179687500000000
2.335054636001586914062500000000
4.115705966949462890625000000000
3.242685317993164062500000000000
4.394075393676757812500000000000
4.111295700073242187500000000000
2.096395015716552734375000000000
1.554878830909729003906250000000
1.825321555137634277343750000000
4.150752067565917968750000000000
1.703938245773315429687500000000
15.841012954711914062500000000000
0.592512845993041992187500000000
3.033640384674072265625000000000
7.991165161132812500000000000000
3.012991905212402343750000000000
3.311109066009521484375000000000
3.033751964569091796875000000000
2.238917827606201171875000000000
0.890900313854217529296875000000
7.573249340057373046875000000000
2.325335502624511718750000000000
7.437914371490478515625000000000
3.548542737960815429687500000000
0.244081497192382812500000000000
6.041409969329833984375000000000
2.474817752838134765625000000000
6.473799705505371093750000000000
5.835333824157714843750000000000
1.404170393943786621093750000000
3.952865362167358398437500000000
5.280308723449707031250000000000
1.726347684860229492187500000000
2.729483604431152343750000000000
4.797050952911376953125000000000
3.955693006515502929687500000000
2.518170118331909179687500000000
0.788463592529296875000000000000
1.884326696395874023437500000000
3.091960191726684570312500000000
2.379273653030395507812500000000
5.360663890838623046875000000000
2.878621339797973632812500000000
3.884046792984008789062500000000
2.780569076538085937500000000000
15.235467910766601562500000000000
1.412587523460388183593750000000
7.117238521575927734375000000000
4.380006313323974609375000000000
1.719282031059265136718750000000
3.751469612121582031250000000000
2.359492778778076171875000000000
0.276278555393218994140625000000
2.478715896606445312500000000000
1.877777457237243652343750000000
4.244947433471679687500000000000
9.820703506469726562500000000000
1.518616318702697753906250000000
8.837852478027343750000000000000
1.950724005699157714843750000000
2.430266618728637695312500000000
0.914881169795989990234375000000
1.077704906463623046875000000000
2.996287345886230468750000000000
3.514807701110839843750000000000
4.300894260406494140625000000000
1.795530915260314941406250000000
1.677333593368530273437500000000
1.638764262199401855468750000000
2.634376287460327148437500000000
2.115814447402954101562500000000
2.456402063369750976562500000000
2.578244686126708984375000000000
3.944036960601806640625000000000
3.254117727279663085937500000000
1.587159395217895507812500000000
0.743756175041198730468750000000
10.239394187927246093750000000000
29.185096740722656250000000000000
3.720506429672241210937500000000
6.347747325897216796875000000000
0.172575935721397399902343750000
4.057775974273681640625000000000
1.836198091506958007812500000000
1.761370539665222167968750000000
1.977180957794189453125000000000
3.150386333465576171875000000000
5.432680130004882812500000000000
0.555156052112579345703125000000
3.090188026428222656250000000000
1.214389204978942871093750000000
0.698613107204437255859375000000
1.969640731811523437500000000000
1.302252650260925292968750000000
19.677270889282226562500000000000
5.348579406738281250000000000000
0.375835001468658447265625000000
5.778260707855224609375000000000
0.860280752182006835937500000000
3.418802261352539062500000000000
0.904451489448547363281250000000
3.822158575057983398437500000000
2.196215629577636718750000000000
0.812326788902282714843750000000
1.692015409469604492187500000000
4.551872253417968750000000000000
1.987817168235778808593750000000
0.382910490036010742187500000000
15.411954879760742187500000000000
1.627159118652343750000000000000
2.721490621566772460937500000000
4.138584136962890625000000000000
1.459901094436645507812500000000
3.085856437683105468750000000000
6.139744281768798828125000000000
4.170547962188720703125000000000
2.152746200561523437500000000000
1.906144857406616210937500000000
6.480279445648193359375000000000
4.783031940460205078125000000000
1.002067923545837402343750000000
2.436849355697631835937500000000
1.922655940055847167968750000000
3.047628402709960937500000000000
2.447931766510009765625000000000
2.512195825576782226562500000000
4.438832759857177734375000000000
1.491582274436950683593750000000
0.490249514579772949218750000000
3.774972677230834960937500000000
2.196797132492065429687500000000
2.280739068984985351562500000000
2.219925880432128906250000000000
3.298073530197143554687500000000
0.990528404712677001953125000000
2.993810653686523437500000000000
16.939693450927734375000000000000
0.284625858068466186523437500000
3.332878589630126953125000000000
1.824961304664611816406250000000
1.974798560142517089843750000000
2.308534860610961914062500000000
8.013757705688476562500000000000
6.344040870666503906250000000000
8.871416091918945312500000000000
2.851866960525512695312500000000
28.501379013061523437500000000000
1.574364066123962402343750000000
1.784826636314392089843750000000
1.333366274833679199218750000000
2.161058902740478515625000000000
4.555842399597167968750000000000
1.057685017585754394531250000000
3.915398120880126953125000000000
2.751174688339233398437500000000
3.519181013107299804687500000000
3.569559812545776367187500000000
4.670698642730712890625000000000
3.111227989196777343750000000000
3.409580469131469726562500000000
4.885391712188720703125000000000
2.980632781982421875000000000000
32.802478790283203125000000000000
3.038234233856201171875000000000
6.038035869598388671875000000000
1.068745970726013183593750000000
0.798088967800140380859375000000
